##FastQC	0.10.1
>>Basic Statistics	pass
#Measure	Value	
Filename	20190110sample11-trimmed.fastq	
File type	Conventional base calls	
Encoding	Sanger / Illumina 1.9	
Total Sequences	4173129	
Filtered Sequences	0	
Sequence length	15-32	
%GC	53	
>>END_MODULE
>>Per base sequence quality	pass
#Base	Mean	Median	Lower Quartile	Upper Quartile	10th Percentile	90th Percentile
1	32.57971272874622	33.0	33.0	34.0	32.0	34.0
2	32.83069442617278	34.0	33.0	34.0	32.0	34.0
3	32.905787240221905	34.0	33.0	34.0	32.0	34.0
4	32.86972652894267	34.0	33.0	34.0	31.0	34.0
5	32.86336152081567	34.0	33.0	34.0	32.0	34.0
6	34.66212546988123	38.0	34.0	38.0	27.0	38.0
7	33.71469369866112	38.0	33.0	38.0	16.0	38.0
8	34.513982673432814	38.0	34.0	38.0	26.0	38.0
9	34.40884310070453	38.0	34.0	38.0	27.0	38.0
10	34.709091187931165	38.0	34.0	38.0	27.0	38.0
11	35.66491690048402	38.0	36.0	38.0	30.0	38.0
12	35.269227239320905	38.0	36.0	38.0	29.0	38.0
13	34.40883183817227	38.0	34.0	38.0	26.0	38.0
14	34.79381682186197	38.0	34.0	38.0	28.0	38.0
15	34.99970549676274	38.0	35.0	38.0	28.0	38.0
16	35.7863560998422	38.0	36.0	38.0	30.0	38.0
17	35.10955941312987	38.0	35.0	38.0	29.0	38.0
18	35.124453607981415	38.0	35.0	38.0	29.0	38.0
19	35.68079591597302	38.0	36.0	38.0	29.0	38.0
20	34.812833734943986	38.0	35.0	38.0	27.0	38.0
21	35.2935229349184	38.0	35.0	38.0	29.0	38.0
22	35.40859720221009	38.0	36.0	38.0	29.0	38.0
23	35.40810873108876	38.0	36.0	38.0	29.0	38.0
24	36.01574061606702	38.0	37.0	38.0	31.0	38.0
25	35.86827430597695	38.0	36.0	38.0	31.0	38.0
26	34.523980632008154	38.0	34.0	38.0	27.0	38.0
27	35.053414690530964	38.0	35.0	38.0	28.0	38.0
28	35.19679102704752	38.0	35.0	38.0	28.0	38.0
29	35.50594380775424	38.0	36.0	38.0	29.0	38.0
30	35.320952013601	38.0	36.0	38.0	28.0	38.0
31	34.697162077158715	38.0	35.0	38.0	27.0	38.0
32	34.94355874790971	38.0	35.0	38.0	27.0	38.0
>>END_MODULE
>>Per sequence quality scores	pass
#Quality	Count
16	4.0
17	26.0
18	93.0
19	246.0
20	618.0
21	1238.0
22	2623.0
23	5161.0
24	9244.0
25	16350.0
26	27116.0
27	42852.0
28	67244.0
29	100885.0
30	147248.0
31	210888.0
32	296732.0
33	408911.0
34	557495.0
35	762567.0
36	1138803.0
37	376785.0
>>END_MODULE
>>Per base sequence content	fail
#Base	G	A	T	C
1	31.011641054620974	12.713204043669174	29.65468434178217	26.620470559927682
2	28.909847326433297	15.213103408777478	16.181226981603974	39.69582228318525
3	17.78214864594147	35.24446188957615	10.647808670997277	36.32558079348511
4	27.216797815731848	13.286241401504967	34.502508198913326	24.994452583849856
5	19.792962706639493	22.85363798620071	39.0616702548402	18.291729052319596
6	44.11411101251405	10.074601203118435	20.04131810555935	25.769969678808163
7	43.963353149004774	11.207731945916828	20.757067600131123	24.071847304947273
8	22.498093156522675	13.19152280771709	48.29177257246185	16.018611463298384
9	47.893175600370846	14.243676627298127	14.347627403801798	23.515520368529224
10	45.87946781381631	20.06007007696389	16.26447416157576	17.795987947644043
11	29.923805374815878	13.630156172981952	34.24972005418476	22.19631839801741
12	22.86250916278888	22.654511758443125	32.34019365325155	22.14278542551644
13	20.211285105253157	15.776483305452576	25.815113791114534	38.19711779817973
14	24.604151944500156	31.86937187899056	15.971732481790044	27.554743694719235
15	45.14813704536812	23.503682728235813	17.9263329746097	13.421847251786371
16	31.0228548706958	17.651117485389037	35.06993505405494	16.25609258986023
17	45.29846282378645	24.749865710987297	14.998932408811427	14.952739056414826
18	41.56903978800944	15.777293798243965	21.371907272674985	21.281759141071614
19	23.294018898016088	20.723499680499962	43.63534470194255	12.347136719541393
20	21.582368872644384	40.57685680501346	26.16315977624083	11.677614546101328
21	50.56509119532038	20.717734257607688	13.041255483166461	15.67591906390547
22	27.501317246517033	43.360003232585484	19.052435551128568	10.086243969768912
23	15.924295689596867	49.21087283282471	12.702052303441116	22.162779174137306
24	23.135440026867617	20.566224186736125	46.490959263678725	9.80737652271753
25	10.073753924856916	22.793880813691025	51.86807861430136	15.26428664715069
26	9.935197320518421	13.559278069025776	18.646880005824958	57.85864460463084
27	12.02287715237321	12.420412776543573	44.96953541320291	30.5871746578803
28	20.339528663746506	14.080563318625764	6.978274970171125	58.6016330474566
29	60.289746983252776	21.059199699785637	5.900321514949649	12.750731802011932
30	7.751611099397729	22.964169036569963	8.690522948867207	60.5936969151651
31	6.872995144410504	49.19057558006503	19.21999100397861	24.71643827154586
32	0.18548544622113106	99.45672456205267	0.28156309601889157	0.07622689570731413
>>END_MODULE
>>Per base GC content	fail
#Base	%GC
1	57.632111614548656
2	68.60566960961854
3	54.10772943942658
4	52.2112503995817
5	38.08469175895909
6	69.88408069132221
7	68.03520045395204
8	38.516704619821056
9	71.40869596890008
10	63.675455761460356
11	52.12012377283328
12	45.005294588305325
13	58.408402903432886
14	52.158895639219395
15	58.569984297154484
16	47.27894746055603
17	60.25120188020128
18	62.85079892908105
19	35.64115561755748
20	33.25998341874571
21	66.24101025922585
22	37.58756121628595
23	38.08707486373417
24	32.942816549585146
25	25.338040572007607
26	67.79384192514927
27	42.610051810253516
28	78.94116171120311
29	73.04047878526472
30	68.34530801456283
31	31.58943341595637
32	0.26171234192844517
>>END_MODULE
>>Per sequence GC content	fail
#GC Content	Count
0	4.0
1	4.0
2	4.0
3	2.0
4	0.0
5	0.0
6	0.0
7	1.5
8	9.5
9	25.0
10	43.0
11	59.5
12	72.0
13	93.5
14	118.5
15	180.5
16	287.5
17	473.5
18	781.5
19	1372.0
20	2629.0
21	4113.0
22	5616.5
23	8211.5
24	11552.0
25	14549.5
26	17760.0
27	20572.0
28	29389.0
29	38881.5
30	47060.5
31	60148.5
32	69060.5
33	82015.0
34	110700.5
35	140667.5
36	161790.0
37	209199.0
38	262220.0
39	290132.5
40	341671.5
41	380187.5
42	407857.0
43	460559.5
44	529051.5
45	645384.0
46	706550.5
47	718895.0
48	740642.0
49	738282.0
50	685740.0
51	633198.0
52	564778.0
53	486621.5
54	462424.0
55	412133.5
56	358568.5
57	365577.0
58	370131.0
59	338542.5
60	317359.0
61	292279.5
62	281273.0
63	263875.0
64	293585.5
65	341615.5
66	370257.5
67	352404.5
68	291748.5
69	265995.5
70	218553.5
71	181414.5
72	174216.0
73	162111.0
74	150092.0
75	145765.0
76	140330.5
77	132486.5
78	125960.0
79	111823.0
80	95341.0
81	85940.5
82	77243.5
83	67416.5
84	55381.0
85	45041.5
86	38396.0
87	34601.5
88	31303.0
89	27898.5
90	22688.0
91	15213.5
92	9783.5
93	6690.0
94	4544.5
95	3770.5
96	3717.0
97	1978.0
98	125.0
99	11.0
100	11.0
>>END_MODULE
>>Per base N content	pass
#Base	N-Count
1	0.01157404911278803
2	0.002587986137020926
3	0.0010783275570920526
4	3.594425190306842E-4
5	0.0038580163709293434
6	0.0033547968442863853
7	2.396283460204561E-5
8	4.792566920409122E-5
9	0.0
10	7.188850380613684E-5
11	0.0
12	0.0
13	0.0
14	0.0
15	0.0
16	0.0
17	0.0
18	0.0
19	0.0
20	2.9254145092953583E-5
21	4.572777584366222E-4
22	0.0
23	0.0
24	0.0
25	0.0
26	0.0
27	0.0
28	0.0
29	0.0
30	0.0
31	0.0
32	0.0
>>END_MODULE
>>Sequence Length Distribution	warn
#Length	Count
15	174419.0
16	130188.0
17	147979.0
18	132124.0
19	170100.0
20	138037.0
21	162035.0
22	220235.0
23	313488.0
24	203227.0
25	183857.0
26	168691.0
27	155564.0
28	178396.0
29	276658.0
30	268734.0
31	519698.0
32	629699.0
>>END_MODULE
>>Sequence Duplication Levels	fail
#Total Duplicate Percentage	89.12989486666396
#Duplication Level	Relative count
1	100.0
2	17.83889912082566
3	9.554505334121
4	6.60857629356778
5	4.75119018660736
6	3.816415887688084
7	3.064947701289224
8	2.5089481182889113
9	2.067623449282413
10++	23.538763595927303
>>END_MODULE
>>Overrepresented sequences	fail
#Sequence	Count	Percentage	Possible Source
GCATTGGTGGTTCAGTGGTAGAATTCTCGCA	138368	3.315689498215847	No Hit
GCATTGGTGGTTCAGTGGTAGAATTCTCGCCA	127638	3.0585682829358976	No Hit
CGCGACCTCAGATCAGACGTGGCGACCCGCTA	103975	2.4915357277476926	No Hit
GCATTTGTGGTTCAGTGGTAGAATTCTCGCA	56289	1.3488439969145454	No Hit
CGCGACCTCAGATCA	55137	1.321238811452989	No Hit
GCATTTGTGGTTCAGTGGTAGAATTCTCGCCA	50597	1.2124475423597019	No Hit
GCATTGGTGGTTCAGTGGTAGAATTCTCA	50117	1.2009453817507199	No Hit
CTCTCGGCGCCCCCTCGATGCTCTA	38480	0.9220898754867152	No Hit
TCCCTGGTGGTCTAGTGGTTAGGATTCGGA	31876	0.7638393157748059	No Hit
CGCGACCTCAGATCAGACGTGGCGACCCGCA	30424	0.7290452799326357	No Hit
GCATTGGTGGTTCAGTGGTAGAATTCTCGCTA	30019	0.7193403319188072	No Hit
TACCTGGTTGATCCTGCCA	29295	0.7019912396669262	No Hit
GCATTGGTGGTTCAGTGGTAGAATTCTCGA	29112	0.6976060409347519	No Hit
TCAGTGCACTACAGAACTTTGTA	24337	0.583183505709984	No Hit
GCATTGGTGGTTCAGTGGTAGAATTCTCGTA	23285	0.557974603708632	No Hit
TCCCTGGTGGTCTAGTGGTTAGGATTCGGCGA	22451	0.5379895996505261	No Hit
CTCTCGGCGCCCCCTCGATGCTCTTA	21830	0.5231086793626557	No Hit
TCCCTGTGGTCTAGTGGTTAGGATTCGGA	20389	0.48857823470110795	No Hit
TCCCTGGTGGTCTAGTGGTTAGGATTCGGCA	20233	0.48484003250318886	No Hit
CGCGACCTCAGATCAGACGTA	19498	0.4672273490706853	No Hit
GCATTTGTGGTTCAGTGGTAGAATTCTCA	19349	0.46365688671498057	No Hit
CGCGACCTCAGATCAGACGTGGCGACCCGCCA	19146	0.4587924312907653	No Hit
GCATTGTGGTTCAGTGGTAGAATTCTCGCA	18513	0.4436239569876704	No Hit
GCATTGTGGTTCAGTGGTAGAATTCTCGCCA	16918	0.40540323579740767	No Hit
CGCGACCTCAGATCAGACGTGGCA	14688	0.35196611463484595	No Hit
TCCCTGTGGTCTAGTGGTTAGGATTCGGCGA	14564	0.3489947231441923	No Hit
TGGACGGTGTGAGGCCA	14040	0.3364381978127204	No Hit
TCCCTGTGGTCTAGTGGTTAGGATTCGGCA	13257	0.3176752983193187	No Hit
CGACTCTTAGCGGTGGATA	12621	0.3024349355124177	No Hit
CGACTCTTAGCGGTGGATCA	12495	0.2994156183525599	No Hit
GCATTGGTGGTTCAGTGGTAGAATTCTA	11997	0.2874821267207412	No Hit
GCATTTGTGGTTCAGTGGTAGAATTCTCGCTA	11788	0.2824738942889137	No Hit
TACCCTGTAGATCCGAATTTGTA	11511	0.27583618910414703	No Hit
TACCCTGTAGAACCGAATTTGTA	11456	0.2745182332010345	No Hit
GCATTTGTGGTTCAGTGGTAGAATTCTCGA	11349	0.27195420989861563	No Hit
ACGGCCCTGGCGGAGCA	11339	0.27171458155259515	No Hit
GCATTGGTGGTTCAGTGGTAGAATTCTCGCAA	11209	0.2685994130543293	No Hit
CGCGACCTCAGATCAGACGTGGCGACCCGCGA	10808	0.25899031637890896	No Hit
TGAGATGAAGCACTGTAGCTCTA	10619	0.25446134063912235	No Hit
CTCTCGGCGCCCCCTCGATGCTCA	9835	0.23567447831111857	No Hit
TACCTGGTTGATCCTGCA	9794	0.2346920020924347	No Hit
GCATGGGTGGTTCAGTGGTAGAATTCTCGCCA	9409	0.22546631077064713	No Hit
GCATTTGTGGTTCAGTGGTAGAATTCTCGTA	9393	0.22508290541701442	No Hit
TTCAAGTAATCCAGGATAGGCTA	9339	0.22378891234850398	No Hit
CGCGACCTCAGATCAGACGA	8675	0.20787759017274568	No Hit
TGGAAGTCGGAATCCGCTAAGGAGTGA	8639	0.20701492812707206	No Hit
GCATGGGTGGTTCAGTGGTAGAATTCTCGCA	8506	0.20382787112499995	No Hit
AGAAGACGGTCGAACTTGACTATCTA	8124	0.19467406830701856	No Hit
TGAGATGAAGCACTGTAGCTCA	8079	0.1935957407499265	No Hit
TAGCTTATCAGACTGATGTTGAA	7782	0.18647877887311895	No Hit
CGACTCTTAGCGGTGA	7520	0.180200516207383	No Hit
TACCTGGTTGATCCTGCTA	7450	0.17852311778523983	No Hit
GCATTGTGGTTCAGTGGTAGAATTCTCA	7231	0.17327525700739183	No Hit
CGCGACCTCAGATCAGACGTGGCGACCCA	7014	0.1680753218987479	No Hit
TAGCTTATCAGACTGATGTTGA	7001	0.16776380504892133	No Hit
AACCCGTAGATCCGATCTTGTA	6948	0.1664937748150129	No Hit
GGCTGGTCCGAAGGTAGTGAGTTATCTCAATA	6840	0.163905788677992	No Hit
CTCTCGGCGCCCCCTCGATGCTCCA	6812	0.16323482930913472	No Hit
TGAGGTAGTAGATTGTATAGTTA	6730	0.16126987687176697	No Hit
CGCGACCTCAGATCAGACGTGGCGACCCGCAA	6666	0.15973625545723605	No Hit
CGACTCTTAGCGGTGGATCACTCGGCTA	6657	0.15952058994581764	No Hit
CGACTCTTAGCGGTGGATCACTA	6652	0.1594007757728074	No Hit
TCCCTGGTGGTCTAGTGGTTAGGATTCGA	6559	0.15717223215481715	No Hit
GCATTGGTGGTTCAGTGGTAGAATTCTCGAA	6504	0.15585427625170464	No Hit
TAATACTGCCTGGTAATGATGA	6479	0.15525520538665352	No Hit
CGACTCTTAGCGGTGGATCACTCGGCA	6279	0.15046263846624439	No Hit
GAGAAGACGGTCGAACTTGACTATCTA	6166	0.14775483815621324	No Hit
GCATTGGTGGTTCAGTGGTAGAATTCA	5939	0.14231527470154887	No Hit
GCATTGTGGTTCAGTGGTAGAATTCTCGCCTA	5917	0.14178809234030387	No Hit
GACTCTTAGCGGTGGATCACTCGGCTCA	5670	0.13586927219359862	No Hit
GACTCTTAGCGGTGGATCACTCGGCTA	5495	0.13167577613824064	No Hit
TGGAAGTCGGAATCCGCTAAGGAGTA	5175	0.12400766906558602	No Hit
CGACTCTTAGCGGTGGATCACTCGGCTCA	5119	0.12266575032787148	No Hit
GCATTTGTGGTTCAGTGGTAGAATTCTA	4919	0.11787318340746235	No Hit
TTAAGCAGGAGGTGTCAGAAAAGTTACCA	4844	0.11607597081230894	No Hit
GCATGGGTGGTTCAGTGGTAGAATTCTCA	4834	0.11583634246628849	No Hit
CGCGACCTCAGATCAGACGTGGCGACCCGTA	4699	0.11260135979501233	No Hit
GCATTTGTGGTTCAGTGGTAGAATTCTCGCAA	4698	0.11257739696041028	No Hit
GACTCTTAGCGGTGGATCACTCGGCA	4673	0.11197832609535915	No Hit
CGCGACCTCAGATCAGAA	4576	0.10965393113896071	No Hit
CGACTCTTAGCGGTGGATCACTCA	4469	0.10708990783654185	No Hit
GTTTCCGTAGTGTAGTGGTTATCACGTTCGCA	4385	0.10507702972996999	No Hit
TGAGGTAGTAGTTTGTACAGTTA	4295	0.1029203746157859	No Hit
TCCCTGTGGTCTAGTGGTTAGGATTCGA	4230	0.10136279036665294	No Hit
ACCCTGTAGATCCGAATTTGTGA	4213	0.10095542217841817	No Hit
TGGAAGTCGGAATCCGCTAAGGAGTGTGA	4206	0.10078768233620385	No Hit
>>END_MODULE
>>Kmer Content	fail
#Sequence	Count	Obs/Exp Overall	Obs/Exp Max	Max Obs/Exp Position
GTGGT	2223010	15.008332	150.25096	15
AATTC	867895	13.922229	478.63257	22
TAGAA	900795	13.164573	335.53482	19
AGAAT	863640	12.621573	375.2286	20
GAATT	943390	11.9550705	352.96136	21
ATTCT	835455	11.621033	437.9744	23
TCAGT	898000	10.514364	195.40126	12
GTAGA	977030	10.422066	228.53058	18
TTCTC	806215	10.361397	423.85083	24
GTTCA	879815	10.301442	186.21165	10
TCAGA	748595	10.108193	112.576256	8
TTCAG	855605	10.017976	185.97351	11
TGGTT	1216670	9.758404	129.14957	8
GCATT	791160	9.2634115	196.39874	1
CAGTG	915415	9.022143	169.64255	13
TCTCG	825970	8.935456	341.97348	25
AGTGG	1144540	8.911319	166.59366	14
TGGTA	960225	8.881758	182.55933	16
CGACC	663605	8.821609	129.27162	23
GGTTC	936285	8.001656	136.93092	9
GGTAG	939570	7.315435	159.49345	17
GATCA	535705	7.2335634	103.912735	11
CATTG	614730	7.1976557	146.35297	2
CTCGC	616965	7.111787	364.6346	26
GCGAC	640245	6.7236266	95.53809	22
ACCTC	408755	6.455296	123.61	5
CCTCA	398200	6.2886057	123.13037	6
AGATC	426430	5.758035	103.74444	10
GGTGG	910685	5.175404	81.877655	6
CAGAT	379735	5.127518	104.90014	9
ATTGG	553715	5.121678	101.177376	3
CTCAG	406190	5.0675917	97.50542	7
GACCT	400705	4.9991612	97.11667	4
CAGAC	333990	4.8053584	100.89693	14
TGGTG	704845	4.75866	91.29585	5
TTGGT	581810	4.666456	88.88765	4
ATCAG	344175	4.6473556	90.10665	12
AGACG	399370	4.539281	81.74926	15
CGCGA	431745	4.534034	81.290504	1
ACTCT	300005	4.446475	34.873623	3
CCCTG	354155	4.0823627	53.751953	2
CCCGC	324235	3.9823904	148.32288	26
ACCCG	286095	3.803193	140.51318	25
CGCCA	284665	3.7841835	433.88116	28
GACCC	283000	3.76205	135.54018	24
CCCCC	237770	3.6967635	35.24374	10
TCTTA	264115	3.673793	32.54732	5
TCGCA	289375	3.6102178	236.45622	27
GACTC	283865	3.5414753	29.192947	2
CTCTT	264205	3.3955371	30.240662	4
TGTGG	499060	3.3693318	30.720345	6
TCGGC	356870	3.2497318	30.907066	26
TCGCC	276375	3.1857886	186.35693	27
ATTTG	289125	3.1770685	47.48165	3
CGCTA	249625	3.1143003	296.40118	28
TTTGT	323695	3.084303	41.49254	4
CCTGG	330740	3.0117867	39.928654	3
GGCGA	362460	3.007023	70.06139	21
TCCCT	215460	2.9505289	57.43845	1
CTCGA	235675	2.9402611	49.57934	26
CATTT	211195	2.9376855	59.71462	2
GACGT	297290	2.9300294	70.26978	16
AGGAT	270475	2.885181	52.645203	21
CCCTC	195445	2.8518288	34.417538	12
TCTAG	242645	2.841044	33.751442	11
TAGGA	265300	2.8299787	49.322628	20
ACGTG	285270	2.8115628	67.50655	17
GTCTA	237630	2.7823253	33.48458	10
GATTC	233220	2.7306905	64.9081	23
TTGTG	339765	2.7251139	35.013435	5
CCCCT	185385	2.7050388	32.92089	11
CTAGT	230460	2.6983745	31.363745	12
TAGTG	289835	2.6808765	30.899422	13
CTTAG	228165	2.6715028	27.49159	6
TGGCG	366360	2.635511	56.09665	20
GGTTA	284845	2.6347203	37.61638	17
GGATT	280325	2.5929122	48.931416	22
CGACT	200165	2.4972415	29.427479	1
CTCTC	182315	2.496638	31.308237	1
CGTGG	343340	2.4699101	51.150402	18
TGGAT	266315	2.4633243	20.06207	14
CGGCG	319825	2.4515169	18.021332	5
AACGA	155725	2.4249616	7.225601	2
TCTCA	162635	2.4104679	77.53767	25
TTAGC	204195	2.390847	27.369812	7
CTGGT	279235	2.3863912	37.28232	4
ATTCG	202695	2.3732839	59.626087	24
GTGGC	326620	2.3496304	53.734142	19
ATCAC	135865	2.3222816	27.659267	17
CCGCT	199165	2.295785	103.640625	27
CGGTG	315520	2.2697794	17.758076	11
GTTAG	244615	2.2626066	36.567204	18
TGGTC	263345	2.2505925	25.003794	8
CTCGG	246330	2.2431319	20.455894	3
CCTGT	203450	2.2009501	22.579824	3
GTGGA	279220	2.1739898	17.945383	13
TCGGA	220570	2.1738927	23.684465	26
GATCC	173615	2.1660058	29.124456	10
CGCCC	174965	2.1489935	27.794514	8
TTAGG	231315	2.1395862	37.849182	19
TAGCG	215325	2.122199	23.055595	8
AGCGG	254885	2.1145647	19.593569	9
GCCCC	169345	2.0799663	27.440578	9
GGTCT	241970	2.0679178	24.668385	9
AGAAC	129145	2.0110557	14.969426	13
TCACT	131355	1.9468567	24.437088	18
ATGCT	164045	1.9207448	34.606426	18
AATCC	111825	1.9113764	15.180722	11
AACTT	118980	1.9086027	16.7687	15
GAACT	138970	1.876496	14.62971	14
CCTCG	162295	1.8707829	27.420967	13
GCGCC	192225	1.865147	22.344336	7
TGATC	158960	1.8612063	21.112776	9
CACTC	117750	1.8595763	23.905552	19
TCGAT	157985	1.8497905	29.931355	15
GCGGT	255830	1.840383	18.983326	10
GGCGC	237985	1.8241985	17.278929	6
TCGAA	132450	1.7884573	11.707262	27
CCGAA	124040	1.7846541	16.81602	13
CTGTA	151590	1.7749137	12.956837	5
ATCCT	119185	1.766481	25.00434	11
GGATC	178045	1.754775	18.377724	15
GTCGG	239255	1.7211463	8.411361	6
CGATG	174135	1.716239	26.37251	16
AAGAC	110110	1.7146412	5.762664	22
GCTCT	158145	1.7108341	27.480686	20
ACCTG	134330	1.6758896	22.841873	2
TTCGG	195725	1.6727002	42.291473	25
TCCGA	133930	1.6708993	8.596071	11
ATAAC	87940	1.6268517	8.665283	12
ATCCG	130345	1.6261731	10.636123	12
CCGCC	129355	1.5887924	21.216677	27
GAAGA	128950	1.5863067	5.4761186	21
TGGAA	148105	1.5798492	10.814389	1
CCGCG	162615	1.5778431	9.518661	27
AAGTC	116700	1.5757867	12.571323	4
CGAAC	108575	1.5621479	5.451717	11
CTGTG	182215	1.5572412	15.540043	4
AACTG	114410	1.5448651	7.719472	14
GGCCC	157820	1.5313175	5.62073	3
CAGAA	97170	1.5131388	14.33643	12
ACGAA	96435	1.5016932	6.3112473	3
CTCTA	100925	1.4958434	24.480309	21
ACTGT	127525	1.4931451	9.569425	12
TGCTC	135930	1.4705092	32.143394	19
AATTT	97300	1.4648349	19.73906	16
TGTAG	155265	1.4361491	10.694877	6
GATGC	145315	1.432195	27.098888	17
TTCGA	121340	1.4207273	7.3885627	25
AGGCC	134190	1.409216	5.2030377	12
GTAAT	109615	1.3890916	9.615997	13
TAACT	86180	1.3824456	8.72325	13
ACCCT	87095	1.3754548	17.123384	2
AAGCA	88015	1.3705763	11.646935	8
ACTTG	116890	1.3686236	5.9948416	14
TACCT	91750	1.3598577	27.108015	1
GAGGT	173105	1.347785	7.2816057	2
TTGAT	121905	1.3395609	19.926586	8
GAGGC	161310	1.3382523	5.482446	11
GGAAT	124990	1.3332795	10.584226	9
CACTA	77745	1.3288617	13.475204	7
CGAAT	98130	1.3250381	18.0197	14
GATAA	89490	1.307842	6.977002	11
GTTGA	139820	1.293288	17.015947	7
ACTCG	103315	1.2889491	18.896006	20
GTAGT	138605	1.2820498	8.260386	5
TCGCT	118240	1.2791365	45.081726	27
AGACT	94550	1.2766978	10.989317	10
GCCCT	110210	1.2703962	6.3562803	4
CTGCC	109790	1.2655549	14.020751	14
TGGAC	128180	1.2633159	7.935643	1
GAATC	92300	1.2463163	12.574775	10
TCCTG	114810	1.2420304	18.306017	12
GAAAA	73035	1.2309254	7.990788	18
AGTCG	124445	1.2265044	9.190639	5
GGATA	114485	1.2212217	7.218627	14
AAAGT	83355	1.2181826	7.2979856	20
GCTAA	89725	1.2115463	12.681833	16
TTGTA	110215	1.2111048	18.05221	19
ATTGT	110210	1.2110497	18.171188	3
GCACT	95555	1.192136	9.92446	6
GATGA	110785	1.1817534	8.179621	4
TCCGC	100650	1.1601976	10.031539	13
CGGAG	139165	1.1545339	5.345964	11
CGGAA	99690	1.1330867	10.534755	8
CTACT	75520	1.1193074	6.617311	4
AAAAG	65960	1.1116838	8.121402	19
CCTGC	96185	1.1087294	19.322475	13
GACGG	133640	1.1086978	5.247401	3
GGTAA	103910	1.1084172	10.133085	12
CCTAC	69695	1.1006639	7.0255637	3
GAACC	76365	1.0987191	8.785566	10
TCCTA	73520	1.0896647	6.5855856	2
GCTCA	86635	1.0808507	7.8498755	20
ACGGT	109165	1.075908	6.0038304	4
CAGGA	94255	1.0713121	7.0777493	12
CTCCA	66485	1.0499697	5.2740464	21
AGGAG	116930	1.0499215	10.482628	20
TGTGA	113505	1.049883	5.752542	8
ACTTT	74540	1.0368383	13.841738	16
AGAAA	61390	1.0346617	8.387814	17
TAGAT	81510	1.0329322	7.9507365	7
ACTGA	76215	1.0291225	8.041637	12
CCGAC	77090	1.024793	5.287228	10
AATAC	54740	1.0126661	12.8411665	2
TGCCA	80765	1.0076171	15.546335	15
TGATG	108235	1.0011374	7.023968	17
GGACG	120055	0.9959945	6.67306	2
TCGTA	84665	0.9913125	38.088005	27
AATGA	67700	0.9893944	11.274155	15
ACTGC	79275	0.98902816	10.202495	5
CCCGA	74360	0.98850185	5.312318	26
TAATT	65575	0.98722047	5.2419	22
TACCC	62445	0.98616767	17.184242	1
CGGCT	107890	0.9824686	11.1147375	23
CGTCC	85055	0.98043317	5.1709228	7
ATGAA	66695	0.97470695	10.818235	5
TAGCT	82925	0.97093946	10.0423975	16
TGAGA	90475	0.9651049	9.11084	1
TGGCA	97360	0.95956016	5.95666	20
AGCTC	76720	0.9571521	10.32896	17
GAAGT	88850	0.94777083	9.948504	3
GACTA	70120	0.9468223	7.7519326	18
ACTAC	55185	0.94325334	13.532179	8
GCATG	95170	0.93797606	8.440166	1
TGACT	79820	0.93458414	6.525489	17
TACAG	69040	0.9322392	10.918175	10
CTTTG	90990	0.9238052	10.502888	17
CTGAT	78640	0.9207679	6.870901	13
TGAGG	118100	0.9195194	6.8727565	1
GGCTC	100760	0.91754127	8.590785	24
TACTT	65140	0.90608597	6.2133083	5
AGTAG	84645	0.9029157	9.312237	7
AGTTA	70715	0.89613295	7.176933	22
CCCGT	77300	0.891041	5.2531734	3
AAGGA	72020	0.8859698	13.108647	19
CTACA	51755	0.88462585	13.585477	9
CGGCA	83985	0.8819808	21.977757	27
TAGTA	69500	0.8807359	10.992414	6
GAAGC	76695	0.8717233	8.807887	7
AAACT	47110	0.8715144	5.0588994	21
AAGTA	59495	0.8694833	8.31644	4
CTGGA	88070	0.8679999	10.643624	28
CTAAG	64195	0.8668177	12.926646	17
CGGCC	88875	0.8623485	5.2503777	2
GGAAG	95140	0.85426784	8.685179	2
GACTG	85620	0.84385324	5.6791134	11
CTCGT	77955	0.8433279	33.07658	26
AACTA	45345	0.83886266	6.3202777	22
TATCA	51630	0.82821614	8.5278635	6
GGTTG	120255	0.81188434	12.389916	6
AGGTA	76000	0.81069875	9.363501	3
TTGAC	69160	0.8097699	6.272849	16
ATGAT	63500	0.80470115	9.881107	16
ACAGA	51505	0.80203974	13.219155	11
CAAGT	59360	0.80153126	7.7014527	3
CTCAA	46865	0.80104315	17.295656	26
TGAAG	75090	0.8009917	8.0669	6
ATTCA	49220	0.78955644	11.024392	23
CCGCA	59260	0.78777057	43.471718	27
CTTGA	66650	0.78038126	6.4549503	15
TTATC	55715	0.7749859	7.4368243	5
TGCAC	59620	0.74381393	9.8282	5
ATCCA	43330	0.740621	8.000214	9
TAATA	42265	0.73379815	12.304494	1
TCCCA	46265	0.73064375	5.006834	1
GTGAG	92655	0.72140616	5.0866795	9
CACTG	57625	0.7189246	9.190337	11
AATTA	40810	0.7085367	5.534012	22
TTCAA	43685	0.70076746	9.515868	1
ATTCC	46795	0.6935645	9.380891	24
TACTG	59070	0.6916297	8.062966	4
TTAAG	54545	0.6912193	5.1079082	1
AGCAC	47735	0.68679833	10.759573	9
TAAGG	63500	0.6773601	10.544615	18
CTCCT	49210	0.6738862	6.1912527	1
GATGT	72460	0.6702307	6.48342	15
AACCG	45655	0.65687186	8.313714	11
TGGGT	96975	0.65471274	5.64744	4
GTGCA	65320	0.64378047	8.330115	4
TTCTA	45765	0.63658315	14.69775	24
GTAGC	64005	0.6308202	8.558036	15
TTCCT	48570	0.6242169	7.667014	25
CGCAA	43065	0.6196076	53.40423	28
CATGG	62600	0.6169728	7.8438416	2
ACTAT	38420	0.6163096	6.6894493	19
AACCC	33810	0.61576957	6.92185	1
GTATA	48295	0.6120164	5.219921	15
TATAG	47840	0.6062504	5.35386	16
GGAGT	77550	0.6037996	8.97147	21
AGTGC	60135	0.59267825	8.372619	3
GCTCG	65055	0.5924042	6.702444	25
ATCTA	36870	0.59144545	6.4578137	22
ATACT	36860	0.59128505	10.989849	3
CTATC	39195	0.5809223	6.7787623	20
CCGTA	46550	0.5807538	5.3865128	27
TCAAG	42550	0.57454777	8.8805685	2
CCAGG	54545	0.5728124	5.471998	11
TAATG	45185	0.572605	9.76609	14
CGCCT	49020	0.565056	6.3717923	27
AGTAA	38450	0.56192344	8.225253	5
AGATG	52675	0.5618888	8.008815	3
TAATC	34555	0.55430967	7.570294	7
GAGAT	51520	0.5495684	7.9870977	2
TACCA	32130	0.5491842	7.4097123	25
TATCT	38905	0.5411617	7.042538	23
ACCGA	36980	0.53205836	8.092305	12
CGTGA	52740	0.5197946	6.0479913	28
ATGGG	66525	0.5179596	6.722255	3
ATAGG	48535	0.51772714	7.24085	16
TGTTG	64425	0.51672614	5.0636425	17
TAAGC	37465	0.5058856	5.2055006	2
AAACA	23490	0.5011461	5.8982105	4
CAGTA	36720	0.49582598	5.0520616	18
GAGTG	62985	0.49039736	6.7002063	22
AAGTT	38500	0.48788965	6.3648067	21
GCTTA	41485	0.48573312	6.271417	3
ACGTA	34030	0.4595032	8.002034	17
TCCAG	36590	0.4564937	6.029866	10
ACGGC	42380	0.4450598	5.46394	1
ATCTC	29925	0.4435285	7.5779676	24
TAAAC	23135	0.42798743	5.09862	3
ACCCA	23440	0.4269044	9.479155	25
AGCTT	36405	0.4262532	6.2991776	2
AACAT	22500	0.4162402	5.1084747	5
ATCTT	29470	0.40992254	5.5626736	15
GGCAA	35740	0.4062245	5.9714556	28
TTACC	26445	0.39195025	5.9066186	24
CTTAT	28010	0.38961416	7.427885	4
GATAG	36085	0.3849219	6.968879	15
ATAGT	29685	0.37618193	5.427868	17
ATGTT	33950	0.37306175	6.9802575	16
TGTAT	32530	0.357458	6.2542315	14
TAGGC	34795	0.3429324	5.1652246	17
CGTTC	31655	0.34244806	5.811231	25
GTTAC	27715	0.32450512	5.7517443	23
CAATA	17415	0.32216987	19.517399	28
GCCTA	24650	0.3075313	12.842601	28
CGTCA	24170	0.30154282	5.7729526	28
CACGT	17590	0.21945135	5.0980034	23
TCAAT	11600	0.18607993	9.267945	27
ACGTT	15210	0.1780885	5.0060625	24
>>END_MODULE
