##FastQC	0.10.1
>>Basic Statistics	pass
#Measure	Value	
Filename	20190308sample9-trimmed.fastq	
File type	Conventional base calls	
Encoding	Sanger / Illumina 1.9	
Total Sequences	3017026	
Filtered Sequences	0	
Sequence length	15-32	
%GC	53	
>>END_MODULE
>>Per base sequence quality	pass
#Base	Mean	Median	Lower Quartile	Upper Quartile	10th Percentile	90th Percentile
1	32.99956546612459	34.0	33.0	34.0	32.0	34.0
2	33.241564374983845	34.0	33.0	34.0	32.0	34.0
3	33.213138037259206	34.0	33.0	34.0	32.0	34.0
4	33.08059294152586	34.0	33.0	34.0	31.0	34.0
5	33.28581855111623	34.0	33.0	34.0	33.0	34.0
6	34.48870808537944	38.0	35.0	38.0	26.0	38.0
7	34.121939618684095	38.0	34.0	38.0	26.0	38.0
8	34.360783765204545	38.0	34.0	38.0	26.0	38.0
9	34.694628418846904	38.0	35.0	38.0	27.0	38.0
10	35.02416286767168	38.0	35.0	38.0	28.0	38.0
11	35.17131075436539	38.0	36.0	38.0	29.0	38.0
12	35.090252122454366	38.0	36.0	38.0	28.0	38.0
13	34.9956675878829	38.0	35.0	38.0	28.0	38.0
14	35.31478250436025	38.0	36.0	38.0	29.0	38.0
15	35.123899164276345	38.0	36.0	38.0	28.0	38.0
16	35.16012720172702	38.0	36.0	38.0	28.0	38.0
17	35.21081261973817	38.0	36.0	38.0	28.0	38.0
18	35.30445998458093	38.0	36.0	38.0	28.0	38.0
19	34.86756418787358	38.0	35.0	38.0	27.0	38.0
20	35.456029028626865	38.0	36.0	38.0	29.0	38.0
21	34.91917080043094	38.0	36.0	38.0	27.0	38.0
22	35.25936695435224	38.0	36.0	38.0	28.0	38.0
23	35.27451587231408	38.0	36.0	38.0	28.0	38.0
24	35.445378262183816	38.0	36.0	38.0	29.0	38.0
25	35.34351873648281	38.0	36.0	38.0	29.0	38.0
26	34.54872127135831	38.0	34.0	38.0	27.0	38.0
27	35.10829817621777	38.0	36.0	38.0	28.0	38.0
28	34.88120725933719	38.0	35.0	38.0	27.0	38.0
29	35.13863492246498	38.0	35.0	38.0	28.0	38.0
30	34.77823612256973	38.0	35.0	38.0	27.0	38.0
31	34.62974942285494	38.0	35.0	38.0	27.0	38.0
32	34.001632335794795	38.0	33.0	38.0	24.0	38.0
>>END_MODULE
>>Per sequence quality scores	pass
#Quality	Count
16	8.0
17	21.0
18	120.0
19	338.0
20	964.0
21	2141.0
22	4294.0
23	7513.0
24	12757.0
25	19552.0
26	29413.0
27	42548.0
28	59078.0
29	80717.0
30	108518.0
31	142092.0
32	185737.0
33	243208.0
34	331953.0
35	474507.0
36	988910.0
37	282637.0
>>END_MODULE
>>Per base sequence content	fail
#Base	G	A	T	C
1	13.80940586098149	15.418342400449891	42.07941195877902	28.692839779789598
2	35.60015724093859	22.95634840402436	20.31295056787711	21.13054378715994
3	22.603848955892325	23.956273495820053	12.629490100516202	40.81038744777141
4	34.325989559907235	18.275100985309027	18.17768707762586	29.22122237715788
5	23.33479760699006	30.956988480863046	23.283111509688244	22.425102402458656
6	34.764599310711944	13.60714160235941	20.020941151982115	31.607317934946533
7	32.98523115147168	15.162812650603607	22.209023057805933	29.642933140118778
8	25.54038314552145	19.845470340659972	34.212366747916654	20.401779765901917
9	30.69744841443196	20.12200093734691	19.551505356599513	29.629045291621615
10	34.877804626618804	25.276824809654975	16.968268647514492	22.87710191621173
11	37.5131006494475	19.33500075902561	16.33621984033283	26.815678751194056
12	28.1677657659091	29.00097314697701	19.31554224438982	23.51571884272407
13	24.994149868115155	16.40920562169501	26.287642201293593	32.30900230889625
14	26.593241158677454	15.400497045766262	23.120350968138823	34.88591082741747
15	31.098174162237914	33.09646652034156	17.884002325468856	17.921356991951676
16	29.418039630994713	29.521046333947805	20.896572689399036	20.164341345658446
17	22.392198926733144	34.068958070501516	22.135434241166667	21.403408761598676
18	27.227495231807037	23.657587750532812	24.053571528947938	25.06134548871221
19	25.83800572407248	29.534928562516775	26.81495442292351	17.812111290487227
20	26.035806006658497	26.340655415614723	31.83781629320314	15.785722284523636
21	32.108811725289165	25.179182402595096	19.487077793694578	23.224928078421158
22	21.292167093936072	37.16852274694386	29.119783809924186	12.419526349195882
23	13.503323751035964	50.60527985740987	13.26864993636846	22.62274645518571
24	21.057362691612667	37.8940657327316	26.54903819119489	14.499533384460845
25	11.729471264367817	37.05967816091954	33.8263908045977	17.384459770114944
26	13.042933702655507	37.20093936291925	17.397242126813993	32.35888480761125
27	13.212688445931937	32.006107935379625	24.97046405170683	29.81073956698161
28	17.56750832894968	30.12844117131334	9.761090654041732	42.54295984569525
29	42.33008589381449	36.72854095809074	7.051939816683	13.889433331411771
30	7.3819127304243475	35.050335011167036	8.373612453748457	49.19413980466015
31	5.291138935998749	57.18615812073756	20.50541863625976	17.017284307003933
32	0.15286954268687655	99.52584531675087	0.2824200025910092	0.0388651379712398
>>END_MODULE
>>Per base GC content	fail
#Base	%GC
1	42.502245640771086
2	56.73070102809853
3	63.414236403663736
4	63.547211937065114
5	45.759900009448714
6	66.37191724565848
7	62.62816429159046
8	45.94216291142337
9	60.326493706053576
10	57.75490654283053
11	64.32877940064155
12	51.683484608633165
13	57.3031521770114
14	61.47915198609491
15	49.019531154189586
16	49.582380976653155
17	43.79560768833181
18	52.28884072051925
19	43.65011701455971
20	41.82152829118213
21	55.33373980371032
22	33.71169344313195
23	36.12607020622167
24	35.556896076073514
25	29.11393103448276
26	45.40181851026676
27	43.02342801291354
28	60.11046817464493
29	56.219519225226264
30	56.5760525350845
31	22.308423243002682
32	0.19173468065811633
>>END_MODULE
>>Per sequence GC content	fail
#GC Content	Count
0	1.0
1	1.0
2	1.5
3	2.5
4	3.0
5	3.0
6	4.0
7	5.0
8	13.5
9	33.5
10	52.5
11	64.5
12	76.0
13	111.0
14	168.5
15	283.0
16	463.0
17	728.5
18	1135.5
19	1707.5
20	2703.5
21	4071.0
22	5412.5
23	7661.0
24	10654.0
25	13494.5
26	16840.5
27	19649.0
28	30476.5
29	42257.5
30	52103.5
31	67864.5
32	78994.0
33	95895.5
34	134476.5
35	171268.0
36	192023.5
37	254729.5
38	321240.0
39	349178.5
40	387911.5
41	399585.0
42	392754.0
43	408627.5
44	418032.0
45	430369.5
46	424783.5
47	422008.5
48	437386.0
49	436221.0
50	450108.5
51	463996.0
52	439327.5
53	407761.5
54	385117.0
55	348342.0
56	324096.0
57	363385.5
58	398008.0
59	379974.0
60	363901.0
61	345406.5
62	338352.0
63	289210.5
64	233658.0
65	222876.0
66	223097.5
67	223217.0
68	202039.0
69	188552.0
70	177115.5
71	165950.5
72	163948.0
73	159687.0
74	153946.0
75	150028.0
76	143450.0
77	134463.5
78	124949.0
79	108757.5
80	93889.5
81	85535.5
82	76693.0
83	67376.0
84	55718.0
85	46066.0
86	40242.0
87	36889.5
88	34623.5
89	32286.5
90	25732.5
91	15677.0
92	9157.0
93	6055.5
94	4552.5
95	4225.0
96	4216.0
97	2167.5
98	64.5
99	10.0
100	10.0
>>END_MODULE
>>Per base N content	pass
#Base	N-Count
1	0.03921079897886197
2	0.0
3	0.0
4	9.943566943075731E-5
5	0.024560610349397057
6	0.0
7	0.0
8	0.0
9	0.0
10	0.004507750347527665
11	0.0
12	3.314522314358577E-4
13	0.0
14	0.0
15	0.0
16	0.0
17	0.0
18	0.0
19	0.0
20	0.0
21	0.0
22	0.0
23	1.7338264335710408E-4
24	0.0
25	3.678147390722241E-4
26	7.225816396822567E-4
27	0.002303586354870769
28	0.0
29	0.0
30	8.333541671875131E-4
31	0.03486918045402078
32	0.0
>>END_MODULE
>>Sequence Length Distribution	warn
#Length	Count
15	290019.0
16	207969.0
17	206317.0
18	196745.0
19	231767.0
20	194869.0
21	233584.0
22	302238.0
23	395935.0
24	213831.0
25	128574.0
26	111304.0
27	75754.0
28	54650.0
29	53473.0
30	36829.0
31	44573.0
32	38595.0
>>END_MODULE
>>Sequence Duplication Levels	fail
#Total Duplicate Percentage	86.95101504565368
#Duplication Level	Relative count
1	100.0
2	20.725593778698954
3	9.071607309860223
4	6.004768765428978
5	4.310424723436881
6	3.255567070242398
7	2.6236635239996966
8	2.043997337579725
9	1.7263604883350605
10++	18.745629333805155
>>END_MODULE
>>Overrepresented sequences	fail
#Sequence	Count	Percentage	Possible Source
CGCGACCTCAGATCA	94695	3.1386869055818543	No Hit
TACCTGGTTGATCCTGCCA	46524	1.5420483615321845	No Hit
CGCGACCTCAGATCAGACGTA	34017	1.127501055675357	No Hit
TCAGTGCACTACAGAACTTTGTA	30157	0.999560494341116	No Hit
CGCGACCTCAGATCAGACGTGGCA	24966	0.8275036410027623	No Hit
TGAGATGAAGCACTGTAGCTCTA	22231	0.7368514557050552	No Hit
TGAGATGAAGCACTGTAGCTCA	20971	0.6950884745441371	No Hit
CTCTCGGCGCCCCCTCGATGCTCTA	20772	0.6884925751385637	No Hit
TTCAAGTAATCCAGGATAGGCTA	19954	0.6613797826071104	No Hit
TACCCTGTAGAACCGAATTTGTA	18335	0.6077176663376451	No Hit
TGGACGGTGTGAGGCCA	17061	0.5654906520527168	No Hit
CGCGACCTCAGATCAGACGA	16842	0.5582318481842715	No Hit
TACCCTGTAGATCCGAATTTGTA	16597	0.550111268514093	No Hit
TACCTGGTTGATCCTGCA	14481	0.4799759763422656	No Hit
CTCTCGGCGCCCCCTCGATGCTCTTA	14378	0.47656201835847617	No Hit
AACCCGTAGATCCGATCTTGTA	13032	0.4319485480072097	No Hit
CGACTCTTAGCGGTGGATCA	11780	0.39045072863144037	No Hit
CGACTCTTAGCGGTGGATA	11625	0.3853132190441846	No Hit
TAGCTTATCAGACTGATGTTGA	11091	0.3676136698855098	No Hit
TAATACTGCCTGGTAATGATGA	11043	0.36602269917461766	No Hit
TAGCTTATCAGACTGATGTTGAA	10914	0.36174696538909507	No Hit
AGAAGACGGTCGAACTTGACTATCTA	10619	0.3519691245617373	No Hit
CGCGACCTCAGATCAGAA	10522	0.3487540379168095	No Hit
CGCGACCTCAGATCAGACGTGGCGACCCGCTA	10503	0.34812427867708134	No Hit
TGGAAGTCGGAATCCA	9611	0.31855873963300285	No Hit
CGACTCTTAGCGGTGA	9597	0.31809470650899263	No Hit
TACCTGGTTGATCCTGCTA	8531	0.2827618986379302	No Hit
TGAGATGAAGCACTGTAGCTA	8459	0.280375442571592	No Hit
TGAGGTAGTAGATTGTATAGTTA	8452	0.2801434260095869	No Hit
GCATTGGTGGTTCAGTGGTAGAATTCTCGCA	8286	0.2746413189677517	No Hit
ACGGCCCTGGCGGAGCA	7432	0.24633529840312943	No Hit
TACCTGGTTGATCCTGCCAA	7056	0.23387269450114118	No Hit
TTCTGATCGAGGCCCAGCCA	7042	0.23340866137713098	No Hit
CTCTCGGCGCCCCCTCGATGCTCA	6969	0.23098906008764925	No Hit
TAATACTGCCGGGTAATGATGA	6703	0.2221724307314554	No Hit
TACCTGGTTGATCCTA	6468	0.21438330329271277	No Hit
CGCGACCTCAGATCAGACGTGA	6452	0.2138529797224154	No Hit
CGCGACCTCAGATCAGACGTGGCGACCCGCA	6214	0.205964416614242	No Hit
GAGAAGACGGTCGAACTTGACTATCTA	6104	0.20231844206844754	No Hit
CGACTCTTAGCGGTGGATCACTA	6059	0.20082690702698616	No Hit
TAATACTGCCGGGTAATGATGGAA	6054	0.20066118091126825	No Hit
TGGAAGTCGGAATCCGCTAAGGAGTGA	5829	0.19320350570396144	No Hit
TGAGGTAGTAGTTTGTACAGTTA	5739	0.19022043562103874	No Hit
CGCGACCTCAGATCAGACGCA	5714	0.1893918050424491	No Hit
GCATTGGTGGTTCAGTGGTAGAATTCTCGCCA	5655	0.18743623687697752	No Hit
TACCTGGTTGATCCA	5526	0.18316050309145496	No Hit
ACCCTGTAGATCCGAATTTGTGA	5481	0.1816689680499936	No Hit
CGCGACCTCAGATCAGACA	5156	0.17089677052832825	No Hit
TTAAGCAGGAGGTGTCAGAAAAGTTACCA	5141	0.17039959218117443	No Hit
TCGGAGGTTCGAAGACGATCA	5093	0.16880862147028233	No Hit
TGGAAGTCGGAATCCGCTAAGGAGTA	4831	0.16012457300666286	No Hit
TAATACTGCCTGGTAATGATGAA	4695	0.1556168226591352	No Hit
TACCTGGTTGATCCTGCCAGTA	4550	0.15081076530331525	No Hit
TACCCTGTAGATCCGAATTTGA	4393	0.1456069652697723	No Hit
ACCCTGTAGATCCGAATTTGTA	4191	0.13891163019476796	No Hit
TAGCTTATCAGACTGATGTTGACA	4106	0.13609428622756317	No Hit
TGAGGTAGTAGGTTGTATGGTTA	4054	0.1343707346240967	No Hit
AACCCGTAGATCCGATCTTGTGA	4053	0.13433758940095314	No Hit
TCCCTGAGACCCTAACTTGTGA	4053	0.13433758940095314	No Hit
TAACACTGTCTGGTAACGATGA	4047	0.1341387180620916	No Hit
TACCTGGTTGATCCTGCAA	3971	0.1316196811031791	No Hit
CGGCCCTGGCGGAGCA	3939	0.13055903396258434	No Hit
TAATACTGCCGGGTAATGATGGA	3905	0.12943209637570244	No Hit
TACCCTGTAGAACCGAATTTGA	3897	0.12916693459055373	No Hit
TGAGATGAAGCACTGTAGCTCCA	3813	0.12638273584649254	No Hit
TCAGTGCACTACAGAACTTTGCA	3761	0.12465918424302608	No Hit
CGATACGACTCTTAGCGGTGA	3758	0.12455974857359532	No Hit
TTCAAGTAATCCAGGATAGGCCA	3734	0.12376426321814926	No Hit
TTGATCCTGCCAGTAGA	3714	0.12310135875527756	No Hit
TTCAAGTAATTCAGGATAGGTTA	3603	0.11942223898633952	No Hit
CGACTCTTAGCGGTGGAA	3592	0.11905764153176009	No Hit
CCCCGGGCCGCGGTTA	3565	0.11816272050688328	No Hit
TGGACGGTGTGAGGCTA	3561	0.11803013961430892	No Hit
TAATACTGCCTGGTAATGATGACA	3497	0.11590884533311943	No Hit
CCTCCGCGTCGGTGA	3496	0.11587570010997586	No Hit
TGAGATGAAGCACTGTAGCTCAA	3479	0.11531223131653488	No Hit
TTCAAGTAATCCAGGATAGGCA	3477	0.11524594087024773	No Hit
CGCGACCTCAGATTA	3447	0.11425158417594015	No Hit
CTCGGCGCCCCCTCGATGCTCTA	3442	0.11408585806022221	No Hit
CTCTCGGCGCCCCCTCGATGCTCCA	3434	0.11382069627507353	No Hit
TCGGAGGTTCGAAGACGATA	3391	0.11239545167989935	No Hit
TGGAAGTCGGAATCCGA	3348	0.11097020708472516	No Hit
AACCTCCGCGTCGGTGA	3344	0.1108376261921508	No Hit
TTCTTAGAGGGACAAGTGGCA	3329	0.11034044784499702	No Hit
CGCGACCTCAGATCAA	3310	0.10971068860526889	No Hit
TACCCTGTAGATCCGAATTTGTGA	3201	0.10609785928261804	No Hit
CAACGGAATCCCAAAAGCAGCTA	3113	0.1031810796459825	No Hit
GCATTTGTGGTTCAGTGGTAGAATTCTCGCA	3079	0.10205414205910059	No Hit
CGCGACCTCAGATCAGACGTGGA	3054	0.10122551148051093	No Hit
CCCCGGGCCGCGGTTTTA	3024	0.10023115478620336	No Hit
>>END_MODULE
>>Kmer Content	fail
#Sequence	Count	Obs/Exp Overall	Obs/Exp Max	Max Obs/Exp Position
TCAGA	521430	10.745693	106.15693	8
GATCA	361245	7.444582	92.82032	11
AGATC	351235	7.2382946	92.47671	10
ACCTC	312200	6.680323	99.0378	5
CCTCA	299490	6.408359	97.87853	6
CGACC	349945	6.098975	89.46563	23
CTCAG	302215	5.9435043	90.155525	7
CAGAT	279480	5.7595587	94.21809	9
GACCT	289415	5.6917734	90.21477	4
GCGAC	346010	5.5425267	74.80657	2
CGCGA	320135	5.1280503	74.21399	1
TGGTT	229260	5.035515	44.82052	5
TCTTA	176790	4.816828	52.845074	22
ACTCT	197375	4.7656937	28.940758	3
GATCC	241210	4.7437506	51.376194	10
CTCTT	180410	4.6908565	38.360046	21
CTGTA	210980	4.6820636	37.010056	13
TGATC	201125	4.4633617	44.803513	9
ATCAG	206105	4.247437	61.916332	12
TGTAG	196695	4.0119114	36.519352	14
GTAGA	211105	3.9985173	26.290224	18
ATCCT	163275	3.9423363	44.964645	11
CCTGG	227265	3.920209	39.530506	3
TTGAT	154845	3.8775964	50.28877	8
CTGGT	197715	3.8484492	43.976196	4
TTTGT	142400	3.8400156	77.4344	18
GAATT	162455	3.7778177	82.54882	21
GACTC	189085	3.7186358	23.713934	2
TTGTA	148310	3.7139485	80.104774	19
AGACG	219640	3.6867402	56.67076	15
CAGAC	194240	3.5473797	59.419254	14
CCCCC	195215	3.5326157	19.076612	10
CGGTG	222115	3.5214102	20.634636	11
GTTGA	171925	3.5066876	41.47243	7
CCCTG	186775	3.505366	22.332752	3
GTCGG	212475	3.3685777	16.050032	6
CTTAG	150990	3.3507667	25.99809	6
GTGGT	186425	3.3351266	22.635748	15
ACTGT	149630	3.3205857	34.625603	12
TACCT	126705	3.05934	50.021034	1
CCTGT	141840	3.0038815	24.634258	4
ACCTG	150945	2.968557	40.703278	2
TGGAT	145355	2.9647493	22.790958	14
GCACT	150495	2.9597063	27.56648	10
CGACT	149430	2.9387615	23.601477	1
GTAAT	125580	2.9203062	24.62547	13
AACTT	115150	2.913465	29.747097	15
TCCTG	137505	2.9120753	41.114006	12
GATGA	153600	2.9093218	25.136402	4
CTGCC	154995	2.9089243	28.957363	14
AATCC	126325	2.8324728	16.356323	8
ATCCG	142140	2.795393	17.351242	10
TAGCT	125645	2.788311	45.999977	16
GTGGA	167800	2.7876775	19.848284	13
GAGGT	167795	2.7875948	15.943699	2
AATTT	97450	2.7822564	50.569237	16
TGGTA	136350	2.7810779	22.53305	16
TTAGC	125165	2.777659	25.876373	7
TCGGC	160685	2.771737	33.015038	26
AAGCA	143415	2.7445772	27.16096	8
GGTTG	150145	2.6860807	36.219173	6
GCTCT	126820	2.6857889	57.860382	20
CCCTC	128410	2.6221135	23.379807	12
GCGGT	164900	2.6143239	23.210287	10
TCCGA	132325	2.6023664	16.074644	11
GAACT	126035	2.5973454	23.492735	14
TGATG	127195	2.5943468	26.655565	17
ATTTG	103355	2.5881948	47.064976	17
CGGCG	183610	2.5796785	15.599141	27
CTCTC	111195	2.5621665	23.734339	1
GGTGG	174955	2.5493362	16.2897	12
ACCCT	117125	2.506191	24.491701	2
TCTCG	117240	2.482904	183.76712	25
TGAGA	130440	2.4706502	28.63794	1
CGAAT	117775	2.4271219	32.174625	14
CCTGC	129125	2.4233994	37.849796	13
AGAAC	126555	2.4219227	18.8483	13
TAGAT	103970	2.4177754	17.62518	7
TAGAA	111095	2.3990805	38.489532	19
GGTGT	133805	2.3937595	9.796839	6
TCGGA	130635	2.3612835	14.2961855	7
ATGAA	109185	2.3578343	28.271542	5
TCGAT	106170	2.3561223	30.67436	15
AGCGG	159525	2.3486047	18.00962	9
GCGTC	135735	2.3413618	5.3794317	8
TCAGT	105020	2.3306015	17.459902	1
TGGAA	122900	2.3278358	16.253395	1
GACGT	128545	2.3235059	55.275524	16
TGTGA	113080	2.306449	15.244719	19
CCCCT	112390	2.2949872	20.98815	11
CAGAA	118585	2.2693977	17.557032	12
GTAGT	109660	2.2366922	18.688305	5
TAGCG	123175	2.226441	21.215828	8
CGATG	122550	2.215144	27.925476	16
CAGTG	121570	2.19743	14.510794	13
ACTTG	98895	2.1946757	12.504596	15
CCGAA	119715	2.1863394	25.313946	13
AACGA	113755	2.1769645	5.725608	1
GAGGC	147310	2.1687696	7.8827853	11
GGTTC	111250	2.16544	13.509995	9
CCGCG	141395	2.1614304	6.631427	8
GGTAG	129285	2.1478245	19.673716	17
CTCTA	88885	2.1461618	53.20432	21
CACTG	108965	2.142958	27.565205	11
GGCGC	151350	2.1264331	14.55341	6
CTCGA	107015	2.104608	39.26494	26
TGCCA	106025	2.085138	32.898552	15
TCTGA	93880	2.0833828	10.574704	2
CCCGC	125075	2.080251	151.27814	26
CTCGG	120090	2.0714934	17.571747	3
GGATA	109195	2.068251	21.386713	14
CTGAT	92695	2.0570855	15.536155	13
CAGGA	122170	2.0506692	16.099785	12
TGAAG	107855	2.04287	25.077126	6
GGAAT	107045	2.0275283	15.164148	9
CGTGG	127615	2.0232077	37.70772	18
ATGCT	90975	2.0189152	43.272255	18
TGAGG	121000	2.010185	14.972456	1
CCGGG	142485	2.0018818	9.520476	9
CCTCG	105195	1.9742845	22.422655	13
AAGTC	94545	1.9483951	16.265947	4
TGGAC	107545	1.9439219	11.792308	1
AGGCC	121050	1.9390274	7.927729	10
TCGAA	93760	1.9322176	7.7231693	9
GAAGC	114670	1.9247789	24.205536	7
AATTC	75975	1.9222796	114.37933	22
AGTGG	115565	1.9198929	19.8728	14
CTTTG	80140	1.9151506	31.556452	17
GTAGC	105770	1.9118379	35.582436	15
GTGGC	120330	1.9077111	42.39132	19
ACTGC	96390	1.8956517	19.625874	5
TGGCG	119125	1.8886073	35.203728	20
TTCGA	84270	1.870118	8.554469	8
GTTCA	84025	1.864681	14.874279	10
ACCCG	106900	1.8630944	120.90784	25
GGCCC	121635	1.8593701	6.67828	11
GGATC	102540	1.8534544	16.10034	15
GCGCC	120820	1.8469114	16.388586	7
TCCGC	98290	1.8446928	11.182414	13
AGCTC	93625	1.8412739	38.32625	17
TACTG	82965	1.8411574	19.604767	4
ACGTG	101840	1.8408017	41.09238	17
GAATC	89090	1.8359778	16.073307	10
CACTA	81535	1.8281866	16.49465	7
GAGAT	96310	1.8241978	25.050352	2
GGTAA	96205	1.8222086	22.920607	12
CCCCG	108580	1.8059057	6.1455593	1
AGCAC	98660	1.8018147	25.990322	9
TGCTC	83875	1.7763014	49.73447	19
ACTTT	65035	1.7719464	32.518837	16
TTCTC	68135	1.7715844	196.45235	24
GGAGG	130450	1.7651731	6.1298237	8
AGATG	93160	1.764534	25.043858	3
TCCCC	85300	1.7418137	5.135566	2
AGACT	83850	1.7279915	16.21813	10
GAAGA	97885	1.7217065	6.3472514	11
CGCCC	103510	1.7215813	17.178371	8
AACTG	83450	1.7197479	6.156588	14
AGTCG	94850	1.7144544	14.288564	5
TGTGG	95770	1.7133168	5.486853	5
CCTCC	83370	1.7024032	5.254826	1
TCTGG	87265	1.6985809	6.360491	9
TACCC	79305	1.6969347	24.673439	1
GCCCC	101860	1.6941384	16.87192	9
ATTCT	62140	1.6930691	161.55191	23
ACGGT	93535	1.6906852	9.01907	4
AGGAT	87695	1.661022	19.704544	21
ATGAT	71120	1.6538635	30.033224	16
TAATA	62290	1.6514906	24.0083	1
CGAAC	90220	1.6476761	5.9534264	11
TTGTG	74945	1.6461077	16.032234	18
CAAGT	79615	1.6407158	17.20749	3
AGTAG	86395	1.6363988	16.995117	7
GATGT	79555	1.6226526	17.888731	15
TAGTA	69600	1.6185164	20.732105	6
GATGC	88800	1.6050981	30.518335	17
GACGG	108790	1.6016594	8.227413	23
CGGAA	95270	1.5991426	13.142099	8
AAGAC	83445	1.5969127	6.826424	12
GCTCA	80975	1.5924929	21.261576	18
TTCAA	62925	1.5920954	21.79176	1
TCTCA	65305	1.5768138	35.541344	25
CTGGC	91190	1.5729825	5.4051166	26
AATGA	72725	1.570486	25.734903	15
ATCCA	69975	1.5689869	15.485857	9
ACTGA	76110	1.5684844	13.916419	12
CGCTA	79705	1.5675163	351.75037	28
TTGGT	71135	1.5624242	11.648535	4
TACAG	75300	1.5517917	15.426911	10
TTGGA	76030	1.5507544	5.027181	8
TGACT	69825	1.5495548	15.819198	17
CGATC	78020	1.5343785	10.865409	13
TGGCA	84855	1.5337905	34.004284	20
AATAC	65225	1.5325068	20.772608	2
GCCCT	81405	1.5277971	5.239718	4
GGCGA	103510	1.5239247	45.473263	21
GAACC	83055	1.5168227	11.286056	10
AAGTA	70235	1.5167147	18.046207	4
CGGAG	102435	1.5080979	5.389969	2
CTGGA	83265	1.5050505	8.595685	28
GGACG	101610	1.4959519	9.486397	2
GGTTA	73095	1.4908903	10.877312	19
GGTCG	93705	1.4855987	5.312429	8
GACCC	85155	1.4841139	107.65167	24
TCACT	61425	1.4831297	18.276917	18
GACTG	81570	1.4744128	11.05353	11
CCGCC	88445	1.4710197	17.29613	27
AGGTA	77655	1.4708551	17.242512	3
TTCAG	66215	1.4694418	14.609245	11
AGGAG	94900	1.4640615	21.47218	20
GATCT	65785	1.4598993	12.693804	14
AGGTT	71210	1.4524426	7.086298	10
TAATG	62140	1.4450377	26.564184	14
TGCAC	73350	1.442536	14.566842	5
TGGTG	80470	1.4396012	13.5392475	5
GTGTG	80205	1.4348603	9.789828	24
CTGTG	73450	1.429677	5.7958617	16
CGAGG	97055	1.428891	7.0567327	8
TTGAC	64125	1.4230605	14.336547	16
ATACT	56235	1.4228286	22.182585	3
CTACA	63040	1.4134896	16.540794	9
GCCGG	100460	1.4114401	8.535558	8
CATTG	63125	1.4008687	12.3324	2
GACGA	83395	1.3998163	9.335117	16
GGAAG	90480	1.3958724	12.556355	2
TCCTA	57705	1.393309	6.3608975	22
AGAAT	64315	1.3888733	55.60168	20
GACTA	67155	1.3839387	17.241037	18
TAACT	54680	1.3834848	10.891345	13
AGTTA	59410	1.3815528	41.917736	22
CCGCT	73325	1.3761529	132.71722	27
ACTAC	61280	1.3740268	16.540794	8
GAAGT	72300	1.3694268	14.812	3
CTTGA	61425	1.3631423	13.499865	15
GAACG	80980	1.3592799	5.581176	5
TTCCC	58555	1.3492303	5.0701227	1
CGGGT	84925	1.3464006	9.952312	10
AAAGT	62075	1.3405007	23.253351	20
GATAA	61940	1.3375856	5.216785	11
TTCTG	55090	1.3165166	12.111022	1
AGTAA	60770	1.3123195	17.972136	5
ATAAC	55805	1.3111774	5.374953	12
GGCTA	72415	1.3089322	19.49392	19
TAGTT	51765	1.2962885	13.309344	18
GATCG	70575	1.2756734	8.496908	5
CTGCA	64690	1.2722244	9.94751	14
ATCGA	61610	1.2696664	9.513983	6
GCTAA	61455	1.2664722	14.732903	16
GTCTG	65050	1.2661742	6.4205422	8
GTGAG	76135	1.2648382	9.912023	9
GAAAA	63005	1.2634784	13.471627	18
CGGTC	73065	1.2603352	5.4222927	7
CCCGT	66955	1.2566017	10.762577	3
ATCAC	55970	1.2549653	15.2108555	17
TGTCA	56520	1.2542906	9.628039	13
GGATT	61000	1.2441932	26.259716	22
TAATC	49170	1.2440735	17.372557	7
AGCAG	73900	1.2404392	6.300595	4
AACCT	55025	1.2337765	5.178606	10
TTAAG	52785	1.2274914	9.390232	1
TTGAA	52590	1.2229565	14.249106	19
CTCCA	57140	1.2226573	9.176144	21
TGTTG	55385	1.2164878	20.196512	17
TCCCT	52600	1.2120146	13.260169	1
AAAAG	59785	1.1989057	15.456466	19
TCAAG	58165	1.1986715	17.733908	2
GTGCA	65580	1.1853865	14.167732	4
AGAAA	58840	1.1799551	12.520322	17
AGGTG	70890	1.1777025	6.2160144	10
TTTGA	45600	1.1419058	12.360904	18
GTGTC	58470	1.1380969	7.748081	12
CTTGT	47550	1.1363289	17.038652	17
CTCGC	60465	1.1347986	190.57265	26
GCCCA	65035	1.1334549	8.205365	12
TATCA	44675	1.1303434	14.438824	6
CCAGG	70495	1.1292171	11.446972	11
TGTCT	47230	1.1286817	6.3754315	7
AGTGC	62170	1.1237495	14.268445	3
ATTGG	54490	1.1114113	9.586318	3
TCCAG	56270	1.1066326	13.823689	10
CACTC	51635	1.1048638	13.394615	19
ATAGG	58315	1.1045382	24.464745	16
GTCAG	60410	1.0919366	8.277778	14
ACAGA	56935	1.0895827	15.06813	11
GGCCA	67745	1.0851666	7.194282	28
CTAAG	52645	1.0849146	15.788149	17
TGTAA	46595	1.0835456	8.889711	1
TTATC	39325	1.0714506	15.594075	5
AGAAG	60840	1.0701193	5.84007	1
GCTTA	48160	1.0687656	12.73568	3
GCATT	48150	1.0685438	15.55311	1
ATCTA	41975	1.0620295	36.463997	22
GATAG	56045	1.0615425	22.234205	15
GGCTC	61155	1.0548937	10.8918705	23
CCCGA	59600	1.0387316	10.590237	26
ATGTT	41470	1.0384831	22.318075	16
TCGAG	56355	1.0186408	8.467109	7
AAGGA	57540	1.0120752	19.245743	19
TACTT	36995	1.0079674	5.32492	5
AACCG	55070	1.0057362	10.603171	11
CCTCT	43525	1.0029075	8.394803	21
TCGCT	47115	0.9977996	25.262339	27
TAATT	34805	0.9937038	8.707148	22
CGGCT	57435	0.99072546	14.5904455	23
TCTTG	41420	0.989837	16.336893	16
AGCTT	44520	0.98798686	12.916396	2
CTTAT	36075	0.982901	15.568411	4
ACGTA	47655	0.98208016	23.401419	17
AAGTT	41785	0.9716913	31.583227	21
CCGAT	49200	0.96759063	9.9604025	12
AGGCT	53230	0.96215504	16.211716	18
ACGAT	46590	0.96013254	5.3968353	15
ATCTT	34885	0.9504782	16.59434	15
TTAGA	40725	0.9470414	6.2132697	4
GCCTG	54860	0.9463079	7.825971	8
TTCTT	32130	0.94269615	8.337833	1
ATTGT	37590	0.941321	7.8519464	12
TGTAT	37370	0.9358118	16.938932	14
CGTAG	51435	0.9297096	9.246817	5
GTCGA	51420	0.9294385	5.5022354	9
TAAGG	48825	0.92478913	16.30425	18
CAGTA	44285	0.9126308	7.559673	18
TAGTG	44725	0.9122384	5.3107266	13
CTAGT	40680	0.9027697	7.99069	20
ACCGA	49050	0.8957938	11.60867	12
GGGTA	53825	0.8942	7.8586364	11
GACAA	46655	0.8928512	5.247934	11
GTTCG	45715	0.8898255	6.6173677	7
TGCCT	41990	0.88926256	9.490294	7
CTATC	36710	0.8863768	24.252699	20
ACTAT	35010	0.8858047	16.815176	19
AAACT	37670	0.8850829	5.383475	21
CCCAG	50590	0.8817019	7.1030807	13
AGCTA	42690	0.87976086	9.316625	21
TAGGA	46095	0.8730805	14.965364	20
CTGTC	41015	0.868614	5.544626	6
CGAAG	51400	0.86276823	5.8503637	10
GCAGG	58510	0.8614127	5.495968	5
CTCAA	38210	0.8567487	11.298481	26
GATTG	41855	0.8537002	6.112392	11
TAGGC	47070	0.8508104	19.800386	17
TCGCC	45245	0.8491518	101.43226	27
TAAGC	41120	0.8474061	7.7902718	2
ACAGT	41035	0.8456544	6.12406	17
AACCC	42220	0.838929	9.514635	1
GGAGT	50080	0.831984	27.914278	21
CCGTA	41775	0.821567	10.76724	27
CAGCC	46385	0.80841553	6.900501	15
GATTA	34085	0.7926313	6.2621393	23
CGTGA	43810	0.7918845	7.1630707	28
AGATT	34000	0.79065466	8.302423	10
TATCT	28725	0.78264254	30.141106	21
CCAGC	44395	0.773733	7.455337	14
TAGCA	37130	0.7651796	5.0151396	21
GTTTA	30475	0.76314867	7.3929434	20
ATTCA	30105	0.7617009	8.699719	24
GATGG	45730	0.75971705	7.320104	18
AGTGA	39770	0.75327945	20.689926	23
CGATA	36500	0.75219655	5.886441	1
GATTC	33675	0.7473149	33.645462	23
CGGTT	37655	0.7329406	5.0391164	11
CCAGT	37110	0.72982293	5.3052754	17
ATCCC	34030	0.7281595	5.6681485	8
AGTTT	28770	0.7204525	7.4747486	10
GTATA	30940	0.71949565	12.49519	15
AACAT	30375	0.71368176	8.537418	5
ACTCG	36090	0.7097633	14.538545	20
GTGTA	34795	0.70970005	11.069884	24
ACTGG	39235	0.7091895	6.295236	15
CGCCA	40405	0.7041938	244.15024	28
TAGTC	31610	0.70148844	8.664092	21
GTAAA	32350	0.6985936	7.9300394	2
ATGGA	36805	0.6971196	10.53037	19
TATAG	29960	0.6967063	13.338173	16
GTTGT	31050	0.6819888	7.3973355	12
TGTTA	27225	0.6817628	6.0140405	19
TGCTA	30685	0.68096083	7.074447	21
TAGGT	33185	0.6768615	6.561905	9
GTTAG	32825	0.66951877	8.276352	18
AAACA	30635	0.66841877	7.9374623	4
GCTCC	35285	0.6622239	7.4559593	20
TTCGG	33530	0.65264904	36.845715	25
TAAAC	27760	0.6522405	8.4991665	3
TACGA	31515	0.64946496	5.465555	4
GTAGG	39020	0.6482431	5.751878	8
GAGTG	38855	0.645502	23.88069	22
GATAC	30880	0.6363789	6.011405	2
TTGCA	28335	0.6288097	9.274549	19
AATTA	23630	0.6265006	7.229103	23
TGCCG	36280	0.6258122	7.088303	7
TCGTA	28170	0.625148	28.30459	27
ACATC	27860	0.62467986	8.1262665	6
TTAGG	30575	0.62362635	10.346265	19
CTATT	22865	0.6229808	5.3059077	13
TTACC	25340	0.6118438	40.12731	24
TACCA	27250	0.6110024	48.516968	25
TGACA	29300	0.603818	12.850287	20
AGTCA	28880	0.59516263	7.3935246	23
GTTTG	27095	0.59512025	6.6856866	11
ATAGT	25465	0.5921771	15.031475	17
GAGTA	30595	0.5794966	14.1593485	22
CATCC	27015	0.5780555	7.9805055	7
GTTAA	24735	0.5752012	10.973466	23
ATTCG	25355	0.5626776	37.18019	24
GACCA	30620	0.55920905	9.501407	24
TCGCA	28175	0.55410296	164.21547	27
CAGTT	24510	0.5439254	5.563915	18
CGGTA	30060	0.54334736	9.2324705	25
GTTAC	24450	0.54259384	39.527794	23
CGGCA	33845	0.54214275	27.289722	27
TAACA	23010	0.54063594	5.180004	1
AGTGT	26375	0.5379607	16.305428	23
ACCTA	23925	0.53644896	6.0728726	25
ATACG	25675	0.5291136	5.476155	3
CAGCT	26660	0.52430826	5.084594	18
AACTA	22190	0.5213695	8.083077	22
TTCTA	18465	0.5030982	8.909111	24
CCGCA	27180	0.47370344	83.31839	27
GGCAA	27905	0.4683959	7.0952945	28
GCTCG	26055	0.44943595	6.85552	25
ACCAA	21390	0.44537893	16.619844	26
GTACA	20745	0.4275155	5.4597936	15
ACTCA	19035	0.42680484	5.150239	20
TGTAC	17740	0.3936857	5.3519416	14
ACTAG	19090	0.3934091	5.999231	19
TTTGC	15915	0.38032964	7.8357353	18
ACCCA	17780	0.35329604	21.731802	25
GAGTC	19090	0.3450599	5.053132	22
CTCGT	16125	0.3414946	22.284721	26
GCCTA	15505	0.3049287	6.6245456	28
CGCAA	14735	0.26910338	33.05057	28
ACTTA	9395	0.23770738	7.8542213	28
TTACA	9235	0.23365913	15.125002	24
CAATA	7705	0.18103434	11.638821	28
TCAAT	3065	0.077549025	5.4945107	27
>>END_MODULE
