##FastQC	0.10.1
>>Basic Statistics	pass
#Measure	Value	
Filename	20190110sample3-trimmed.fastq	
File type	Conventional base calls	
Encoding	Sanger / Illumina 1.9	
Total Sequences	3394979	
Filtered Sequences	0	
Sequence length	15-32	
%GC	53	
>>END_MODULE
>>Per base sequence quality	pass
#Base	Mean	Median	Lower Quartile	Upper Quartile	10th Percentile	90th Percentile
1	32.59556598140961	33.0	33.0	34.0	32.0	34.0
2	32.84294247475463	34.0	33.0	34.0	32.0	34.0
3	32.90271545125905	34.0	33.0	34.0	32.0	34.0
4	32.82762279236484	34.0	33.0	34.0	31.0	34.0
5	32.790501207813065	34.0	33.0	34.0	32.0	34.0
6	34.47426125463515	38.0	34.0	38.0	27.0	38.0
7	33.604080025237266	38.0	33.0	38.0	16.0	38.0
8	34.31765380581147	38.0	34.0	38.0	26.0	38.0
9	34.45243166452576	38.0	34.0	38.0	27.0	38.0
10	34.75226415244395	38.0	34.0	38.0	28.0	38.0
11	35.493596573056855	38.0	36.0	38.0	29.0	38.0
12	35.07977575119021	38.0	35.0	38.0	28.0	38.0
13	34.5247475757582	38.0	34.0	38.0	27.0	38.0
14	34.839347459881196	38.0	35.0	38.0	28.0	38.0
15	34.93052033606099	38.0	34.0	38.0	28.0	38.0
16	35.6723698183822	38.0	36.0	38.0	29.0	38.0
17	35.17105813022472	38.0	35.0	38.0	29.0	38.0
18	35.178451339894416	38.0	35.0	38.0	29.0	38.0
19	35.48851229915674	38.0	36.0	38.0	29.0	38.0
20	34.80236345040377	38.0	35.0	38.0	27.0	38.0
21	35.29642201125653	38.0	35.0	38.0	29.0	38.0
22	35.37683976003957	38.0	36.0	38.0	29.0	38.0
23	35.46711099630045	38.0	36.0	38.0	29.0	38.0
24	35.94307921088668	38.0	36.0	38.0	31.0	38.0
25	35.737901103352044	38.0	36.0	38.0	29.0	38.0
26	34.632750235937515	38.0	34.0	38.0	27.0	38.0
27	34.97409723338117	38.0	35.0	38.0	27.0	38.0
28	35.17489279809096	38.0	35.0	38.0	28.0	38.0
29	35.60838070249711	38.0	36.0	38.0	29.0	38.0
30	35.35727355184256	38.0	36.0	38.0	28.0	38.0
31	34.80696154484434	38.0	35.0	38.0	27.0	38.0
32	34.98753602069553	38.0	35.0	38.0	27.0	38.0
>>END_MODULE
>>Per sequence quality scores	pass
#Quality	Count
16	1.0
17	23.0
18	72.0
19	223.0
20	564.0
21	1263.0
22	2485.0
23	4550.0
24	8431.0
25	14572.0
26	23573.0
27	37528.0
28	57378.0
29	86149.0
30	124337.0
31	175521.0
32	243544.0
33	333750.0
34	452785.0
35	611046.0
36	927814.0
37	289370.0
>>END_MODULE
>>Per base sequence content	fail
#Base	G	A	T	C
1	25.270723453194005	12.488010397665946	33.91616940748387	28.325096741656182
2	36.96220548330959	16.71273598744464	16.45093028215397	29.874128247091804
3	20.1454161568402	31.273752218739265	11.414702914273157	37.166128710147376
4	35.03863520081674	16.625816909236953	26.03844344603664	22.297104443909667
5	20.9297742739259	30.331909909872756	31.98693792717064	16.751377889030707
6	38.09014778180019	11.173682644696262	19.2122820608742	31.52388751262935
7	36.47931253772115	12.943555762789696	20.67703511568113	29.90009658380803
8	22.794233952100413	15.282607216484825	47.42241258188199	14.500746249532764
9	39.82878833712963	15.156117313244058	15.631996545486732	29.383097804139584
10	38.97960458064824	27.8314027366304	16.808091245363006	16.380901437358357
11	38.94540701000124	15.531735404470956	26.778200035464145	18.744657550063653
12	24.39075469980816	30.400629871348244	26.51489155013919	18.693723878704404
13	21.465287414148953	15.990084180196696	32.04511721574714	30.499511189907214
14	25.95477026514744	24.999329892762223	17.76520561688305	31.280694225207284
15	38.550253182714826	30.9173046431215	15.655649121835511	14.876793052328157
16	35.15610779264786	19.99457346467789	29.08149977736892	15.767818965305336
17	34.437264691241076	32.80785272752756	16.126735263650527	16.628147317580837
18	35.15949001553941	16.290618746838597	21.486495703869185	27.063395533752804
19	29.925676415759856	23.347318972958867	33.99059852268537	12.736406088595912
20	20.727755667824226	35.716405312495	30.743918335524473	12.811920684156302
21	47.76455233559007	22.79244270163175	15.519600560514931	13.923404402263252
22	30.503088285652684	39.82599064002131	18.882087097687908	10.788833976638102
23	16.198815790877223	45.91637073805994	12.743442535897529	25.141370935165313
24	29.893337042108868	21.995142930503253	37.04029014036289	11.071229887024991
25	11.641372222364305	29.203232439061672	43.94143687352461	15.213958465049416
26	10.991717107562588	16.51684021998258	17.43931278126404	55.052129891190795
27	11.745593523684983	14.961933363993507	38.05022080865282	35.24225230366869
28	18.26157265806225	15.54034001780642	7.674097111605061	58.523990212526265
29	61.18344541850803	20.054517068795587	6.312467474661611	12.449570038034775
30	7.686709412509134	20.893940551542826	8.773378469181658	62.64597156676638
31	5.492214928928639	46.75114960589145	25.25307807198116	22.503557393198758
32	0.18460606457528325	99.52456775165368	0.22553867312856113	0.06528751064247822
>>END_MODULE
>>Per base GC content	fail
#Base	%GC
1	53.595820194850184
2	66.83633373040139
3	57.311544866987575
4	57.3357396447264
5	37.68115216295661
6	69.61403529442953
7	66.37940912152918
8	37.29498020163318
9	69.2118861412692
10	55.360506018006596
11	57.69006456006489
12	43.08447857851257
13	51.96479860405616
14	57.23546449035473
15	53.42704623504299
16	50.92392675795318
17	51.06541200882191
18	62.222885549292215
19	42.662082504355766
20	33.53967635198053
21	61.68795673785332
22	41.29192226229079
23	41.34018672604254
24	40.96456692913386
25	26.85533068741372
26	66.04384699875338
27	46.987845827353674
28	76.78556287058852
29	73.63301545654281
30	70.33268097927552
31	27.9957723221274
32	0.24989357521776148
>>END_MODULE
>>Per sequence GC content	warn
#GC Content	Count
0	2.0
1	2.0
2	3.0
3	5.0
4	6.0
5	7.5
6	11.0
7	13.5
8	19.0
9	34.0
10	58.0
11	80.0
12	99.5
13	138.5
14	182.0
15	270.5
16	429.5
17	667.0
18	1094.0
19	1707.0
20	2680.5
21	3827.5
22	4996.0
23	6987.0
24	9490.5
25	11857.5
26	14697.5
27	17797.0
28	27926.0
29	38695.0
30	46834.5
31	59575.0
32	68646.0
33	80792.0
34	108778.5
35	140301.5
36	162200.0
37	213299.0
38	270516.0
39	292181.0
40	323275.5
41	332477.5
42	329572.0
43	354088.5
44	392334.0
45	464110.5
46	502382.0
47	522377.0
48	557324.0
49	564530.0
50	541226.0
51	517922.0
52	463542.5
53	406226.0
54	389242.0
55	367557.5
56	354333.5
57	387239.0
58	411777.5
59	388038.5
60	361822.5
61	330563.5
62	321759.5
63	279336.0
64	295459.0
65	347923.0
66	349194.5
67	296272.5
68	209973.5
69	165932.0
70	126057.0
71	107086.0
72	102328.0
73	96490.5
74	90420.0
75	87315.0
76	82699.5
77	76097.5
78	69821.5
79	61976.0
80	55164.0
81	50147.0
82	44899.5
83	38869.5
84	33382.5
85	29252.5
86	25190.5
87	22654.0
88	20590.5
89	17254.0
90	13016.0
91	8879.5
92	5762.5
93	3783.0
94	2469.5
95	2080.5
96	2057.0
97	1074.0
98	49.5
99	8.0
100	8.0
>>END_MODULE
>>Per base N content	pass
#Base	N-Count
1	0.010927902646820496
2	0.0027982500039028225
3	9.720236855662435E-4
4	5.301947375815874E-4
5	0.003298989478285433
6	0.0032106236886885013
7	0.0
8	5.891052639795415E-5
9	0.0
10	2.9455263198977077E-5
11	2.9455263198977077E-5
12	0.0
13	0.0
14	0.0
15	0.0
16	0.0
17	0.0
18	0.0
19	0.0
20	0.0
21	6.278481251081567E-4
22	0.0
23	0.0
24	0.0
25	0.0
26	0.0
27	0.0
28	0.0
29	0.0
30	0.0
31	0.0
32	0.0
>>END_MODULE
>>Sequence Length Distribution	warn
#Length	Count
15	181142.0
16	110202.0
17	142133.0
18	122161.0
19	153522.0
20	137432.0
21	182997.0
22	209183.0
23	286767.0
24	188109.0
25	116298.0
26	121249.0
27	122912.0
28	125650.0
29	174304.0
30	171279.0
31	361031.0
32	488608.0
>>END_MODULE
>>Sequence Duplication Levels	fail
#Total Duplicate Percentage	88.02270498253611
#Duplication Level	Relative count
1	100.0
2	16.243617856247017
3	8.334209908809179
4	5.668881031176419
5	4.02631344720723
6	3.0909399855971906
7	2.423394046299368
8	2.08112503742303
9	1.6830249136236013
10++	18.277812391270928
>>END_MODULE
>>Overrepresented sequences	fail
#Sequence	Count	Percentage	Possible Source
CGCGACCTCAGATCAGACGTGGCGACCCGCTA	132231	3.8948989080639382	No Hit
GCATTGGTGGTTCAGTGGTAGAATTCTCGCA	85862	2.52908780879057	No Hit
GCATTGGTGGTTCAGTGGTAGAATTCTCGCCA	84181	2.479573511353089	No Hit
CGCGACCTCAGATCA	80489	2.370824679622466	No Hit
CGCGACCTCAGATCAGACGTA	44361	1.3066649307698222	No Hit
CGCGACCTCAGATCAGACGTGGCGACCCGCA	39408	1.1607730121452886	No Hit
GCATTTGTGGTTCAGTGGTAGAATTCTCGCA	32933	0.970050182931912	No Hit
TCAGTGCACTACAGAACTTTGTA	32218	0.9489896697446435	No Hit
GCATTTGTGGTTCAGTGGTAGAATTCTCGCCA	31369	0.9239821512887119	No Hit
TGGACGGTGTGAGGCCA	29966	0.8826564170205472	No Hit
TACCTGGTTGATCCTGCCA	28331	0.8344970616902196	No Hit
CGCGACCTCAGATCAGACGTGGCA	26480	0.779975369508913	No Hit
TCCCTGGTGGTCTAGTGGTTAGGATTCGGCGA	17300	0.5095760533423035	No Hit
GCATTGGTGGTTCAGTGGTAGAATTCTCGCTA	17295	0.5094287770263085	No Hit
GCATTGGTGGTTCAGTGGTAGAATTCTCA	16276	0.4794138638265509	No Hit
CGCGACCTCAGATCAGACGTGGCGACCCGCCA	15504	0.4566744006369406	No Hit
CGCGACCTCAGATCAGACGA	13678	0.4028890900356085	No Hit
GCATTGGTGGTTCAGTGGTAGAATTCTCGTA	12850	0.37850013210685546	No Hit
CGACTCTTAGCGGTGGATCA	11972	0.3526384110181536	No Hit
GCATTGGTGGTTCAGTGGTAGAATTCTCGA	11838	0.34869140574949065	No Hit
TCCCTGGTGGTCTAGTGGTTAGGATTCGGCA	11233	0.3308709715141095	No Hit
TTAAGCAGGAGGTGTCAGAAAAGTTACCA	11174	0.3291331109853699	No Hit
AACCCGTAGATCCGATCTTGTA	11174	0.3291331109853699	No Hit
TCCCTGTGGTCTAGTGGTTAGGATTCGGCGA	11023	0.3246853662423243	No Hit
TTCAAGTAATCCAGGATAGGCTA	10962	0.3228885951871867	No Hit
TCCCTGGTGGTCTAGTGGTTAGGATTCGGA	10329	0.3042434135822342	No Hit
GCATTGTGGTTCAGTGGTAGAATTCTCGCA	10132	0.29844072673203575	No Hit
CGACTCTTAGCGGTGGATA	9953	0.2931682346194188	No Hit
GCATTGTGGTTCAGTGGTAGAATTCTCGCCA	9850	0.2901343425099242	No Hit
TACCCTGTAGAACCGAATTTGTA	9686	0.285303679345292	No Hit
TGAGATGAAGCACTGTAGCTCTA	9618	0.2833007214477615	No Hit
TACCCTGTAGATCCGAATTTGTA	9532	0.28076756881264947	No Hit
TACCTGGTTGATCCTGCA	9303	0.2740223135400838	No Hit
CGCGACCTCAGATCAGACGTGGCGACCCA	8701	0.25629024509429954	No Hit
CGCGACCTCAGATCAGAA	8230	0.24241681612758134	No Hit
TGAGGTAGTAGATTGTATAGTTA	8162	0.2404138582300509	No Hit
TGGACGGTGTGAGGCTA	7976	0.23493517927504118	No Hit
TGGAAGTCGGAATCCGCTAAGGAGTGA	7866	0.23169510032315369	No Hit
TGAGATGAAGCACTGTAGCTCA	7674	0.22603968978895012	No Hit
CGCGACCTCAGATCAGACGTGA	7620	0.22444910557620534	No Hit
TGGAAGTCGGAATCCA	7481	0.22035482399154752	No Hit
TCCCTGTGGTCTAGTGGTTAGGATTCGGCA	7135	0.21016330292470145	No Hit
CGACTCTTAGCGGTGA	6820	0.2008848950170237	No Hit
CGCGACCTCAGATCAGACGTGGCGACCCGCAA	6784	0.19982450554186051	No Hit
TAATACTGCCTGGTAATGATGA	6680	0.1967611581691669	No Hit
GCATTGGTGGTTCAGTGGTAGAATTCTCGCAA	6659	0.19614259764198835	No Hit
TACCTGGTTGATCCTGCTA	6636	0.1954651265884119	No Hit
TCCCTGTGGTCTAGTGGTTAGGATTCGGA	6555	0.19307925026929473	No Hit
GCATTTGTGGTTCAGTGGTAGAATTCTCGCTA	6414	0.18892605815823896	No Hit
TAGCTTATCAGACTGATGTTGA	6413	0.18889660289504	No Hit
TAGCTTATCAGACTGATGTTGAA	6237	0.18371247657202003	No Hit
CGACTCTTAGCGGTGGATCACTA	6126	0.1804429423569336	No Hit
TGGAAGTCGGAATCCGCTAAGGAGTA	6007	0.1769377660362553	No Hit
CGACTCTTAGCGGTGGATCACTCGGCTA	5920	0.1743751581379443	No Hit
GCATTTGTGGTTCAGTGGTAGAATTCTCA	5884	0.17331476866278112	No Hit
AGAAGACGGTCGAACTTGACTATCTA	5834	0.17184200550283227	No Hit
GCATGGGTGGTTCAGTGGTAGAATTCTCGCCA	5696	0.16777717918137344	No Hit
TTAAGCAGGAGGTGTCAGAAAAGTTACCAA	5619	0.16550912391505218	No Hit
CGCGACCTCAGATCAGACGTGGCGACCCGTA	5404	0.15917624232727215	No Hit
GACTCTTAGCGGTGGATCACTCGGCTCA	5258	0.15487577390022148	No Hit
GACTCTTAGCGGTGGATCACTCGGCTA	5050	0.14874907915483424	No Hit
CGCGACCTCAGATCAGACA	5026	0.1480421528380588	No Hit
TGAGGTAGTAGTTTGTACAGTTA	5007	0.14748250283727823	No Hit
GAGAAGACGGTCGAACTTGACTATCTA	4931	0.14524390283415595	No Hit
CTCTCGGCGCCCCCTCGATGCTCTA	4873	0.1435354975686153	No Hit
CGCGACCTCAGATCAGACGTGGA	4870	0.14344713177901836	No Hit
CGACTCTTAGCGGTGGATCACTCGGCA	4830	0.14226892125105928	No Hit
CGCGACCTCAGATCAGACGCA	4766	0.14038378440632474	No Hit
TGGAAGTCGGAATCCGCTAAGGAGTGTGA	4736	0.13950012651035545	No Hit
GCATTTGTGGTTCAGTGGTAGAATTCTCGTA	4721	0.1390582975623708	No Hit
TGGACGGTGTGAGGCCGA	4656	0.13714370545443727	No Hit
GGCGTGAAACCGTTAAGAGGTA	4553	0.13410981334494265	No Hit
GCATGGGTGGTTCAGTGGTAGAATTCTCGCA	4464	0.13148829492023367	No Hit
TGAGGTAGTAGGTTGTATGGTTA	4378	0.12895514228512164	No Hit
CTCTCGGCGCCCCCTCGATGCTCTTA	4336	0.1277180212307646	No Hit
CGACTCTTAGCGGTGGATCACTCGGCTCA	4280	0.1260685264916219	No Hit
CGATACGACTCTTAGCGGTGA	4278	0.12600961596522395	No Hit
GCATTTGTGGTTCAGTGGTAGAATTCTCGA	4222	0.12436012122608123	No Hit
CGCGACCTCAGATCAGACGTGGCGACCCGA	4058	0.11952945806144898	No Hit
GACTCTTAGCGGTGGATCACTCGGCA	4016	0.11829233700709195	No Hit
TCGGAGGTTCGAAGACGATCA	4010	0.11811560542789809	No Hit
TAATACTGCCGGGTAATGATGA	3987	0.11743813437432161	No Hit
GCATTGTGGTTCAGTGGTAGAATTCTCGCCTA	3958	0.11658393174155128	No Hit
CGCGACCTCAGATCAGACGTGGTA	3799	0.11190054489291393	No Hit
TAATACTGCCGGGTAATGATGGAA	3798	0.11187108962971493	No Hit
TTTAAGCAGGAGGTGTCAGAAAAGTTACCA	3795	0.11178272384011802	No Hit
GCATTGGTGGTTCAGTGGTAGAATTCTA	3642	0.10727606857067451	No Hit
CGACTCTTAGCGGTGGATCACTCA	3526	0.10385925803959317	No Hit
TTCTGATCGAGGCCCAGCCA	3495	0.10294614488042489	No Hit
GCATTGGTGGTTCAGTGGTAGAATTCTCGAA	3483	0.10259268172203716	No Hit
>>END_MODULE
>>Kmer Content	fail
#Sequence	Count	Obs/Exp Overall	Obs/Exp Max	Max Obs/Exp Position
TCAGA	982005	15.561674	163.6369	8
CGACC	785700	12.365242	188.86185	23
GTGGT	1172555	11.56708	114.598755	15
ACCTC	508430	10.013194	194.73933	5
GATCA	630090	9.984933	155.17885	11
CCTCA	506325	9.971739	194.60503	6
GCGAC	777615	9.756665	140.373	22
AATTC	477210	9.463411	350.009	22
ATTCT	459235	9.002218	370.52322	23
TTCTC	447440	8.690387	393.86203	24
AGATC	537170	8.512445	154.85576	10
TGGTT	683945	8.443205	102.787476	8
GAATT	531295	8.39972	262.77716	21
CTCAG	519775	8.161083	155.37602	7
GACCT	509525	8.000145	154.95598	4
TCAGT	503030	7.8797565	136.90868	12
CAGAT	496495	7.8678756	156.30742	9
TAGAA	488540	7.8136315	207.79312	19
GTTCA	476310	7.461199	128.71466	10
AGAAT	463190	7.408188	238.92856	20
TTCAG	459125	7.1920023	128.53508	11
GTAGA	557575	7.0442834	150.11938	18
TCTCG	443475	6.883002	322.3814	25
TGGTA	544815	6.8039145	132.061	16
ATCAG	428585	6.791717	133.32321	12
GCATT	423960	6.6411576	135.45972	1
CAGAC	417080	6.624841	140.97853	14
CGCGA	519025	6.5121603	123.18906	1
CAGTG	516000	6.4591146	112.951866	13
GGTTC	521490	6.4527617	102.45042	9
CTCGC	391230	6.086314	331.96072	26
AGTGG	602725	6.014969	110.90685	14
AGACG	463790	5.8731136	115.18004	15
CATTG	342745	5.3689585	102.19581	2
GGTAG	528590	5.27513	110.61697	17
ACTCT	244300	4.8001127	34.443966	3
GACGT	376835	4.717094	113.51467	16
ACCCG	298985	4.705386	210.75467	25
GACCC	295475	4.6501465	200.36365	24
CCCGC	296270	4.619802	232.54124	26
GGTGG	548260	4.321967	59.008537	6
TTGGT	343680	4.242681	72.879555	4
ACGTG	338075	4.2319093	103.03512	17
CTCTT	209955	4.077843	33.991116	4
CGCTA	255315	4.008748	394.94534	28
TGGTG	400920	3.955016	69.62945	5
TCTTA	200890	3.9379742	34.21655	5
ATTGG	312985	3.9087088	72.19487	3
CGTGG	379955	3.7569566	85.30712	18
GACTC	234005	3.6741555	27.464306	2
GGCGA	366080	3.6618767	104.77172	21
CCGCT	229470	3.5698347	187.86961	27
GTGGC	360875	3.5682955	90.27214	19
TGGCG	359890	3.5585558	93.2945	20
TTTGT	220015	3.3988657	33.62657	4
CCCTG	209180	3.2541862	36.53083	2
CTTAG	192140	3.0097935	27.501734	6
CGCCA	187845	2.9562798	348.13724	28
TGTGG	288065	2.8417182	22.454056	6
CGGTG	282740	2.7957046	18.202177	11
TCGCC	178740	2.7806349	174.53241	27
TCGCA	175500	2.7555578	191.99594	27
CCTGG	218495	2.7099085	33.47218	3
CGACT	170955	2.6841958	27.440334	1
TGGAT	214500	2.6787803	21.376404	14
ATTTG	168865	2.6390345	33.762474	3
TCGGC	212540	2.6360507	30.466942	26
TTAGC	167790	2.6283607	27.37361	7
GATCC	164605	2.5844932	29.292622	10
GTGGA	240495	2.40005	17.639328	13
TTGTG	194195	2.3973098	26.910955	5
CTGGT	193730	2.3971572	33.35026	4
TGATC	146945	2.3018324	23.052374	9
AATCC	115400	2.2938101	18.866446	11
ATCCT	115485	2.2690995	27.39741	11
TCCCT	115375	2.2461023	39.560604	1
CAGAA	139270	2.2326665	16.246567	12
AACTT	109795	2.1773124	22.41105	15
CATTT	111065	2.1771672	41.98639	2
TCGGA	172180	2.1552913	12.802534	7
CCTGT	138285	2.1462672	17.156168	3
TAGCG	170335	2.1321964	21.904387	8
AACGA	131970	2.1156387	5.8396325	2
GTCGG	212820	2.1043427	11.77256	6
ATCAC	105490	2.096829	24.989763	17
AGCGG	206990	2.0705087	17.87668	9
TCACT	105205	2.0671136	26.149	18
GAACT	129325	2.0493922	18.206139	14
ATCCG	129970	2.040683	13.252606	12
GAGGT	202835	2.024217	10.499502	2
CTGTA	127525	1.9976263	12.537144	5
TTGTA	124690	1.9486642	29.309526	19
TCTAG	122085	1.912411	19.88564	11
GGATC	151895	1.9013706	18.496922	15
AGGAT	149975	1.894752	31.71648	21
GCGGT	190720	1.88582	18.305136	10
GGTTA	150665	1.8815778	23.089739	17
AGAAC	116380	1.8657122	16.630482	13
GGATT	148845	1.8588488	33.480972	22
GATTC	118585	1.8575846	44.033806	23
CACTC	94045	1.8521544	23.873701	19
TAGTG	148145	1.8501068	19.521158	13
CTAGT	117480	1.8402755	19.81362	12
AAGCA	114060	1.8285197	12.14639	3
AAGTC	114605	1.8161268	16.031979	4
GTCTA	115770	1.8134891	19.655748	10
TCCGA	114660	1.8002979	11.222124	11
AGGCC	143045	1.7947727	11.470686	12
TTGAT	114645	1.7916803	23.184134	8
GGTGT	181510	1.7905691	11.743066	6
ACTGT	114215	1.7891307	11.376464	12
ACCTG	111005	1.74291	23.333708	2
CGGCG	174830	1.7327402	16.163435	27
TGTGA	138375	1.7280943	14.089612	8
TGGAC	135855	1.7005873	15.236485	1
TGGAA	133615	1.6880633	13.545537	1
TTCGA	107590	1.6853527	7.124281	8
GAGGC	168010	1.680594	11.422814	11
AACTG	105470	1.6713659	8.009263	14
GGAAT	131650	1.663238	13.520987	9
ATTCG	106025	1.6608377	44.47042	24
TCGAA	104455	1.6552814	7.427176	27
TAGGA	130305	1.6462455	28.77953	20
GAAAA	100855	1.6318264	16.37007	18
GTAAT	102585	1.6218586	11.484229	13
TGGTC	130565	1.6155723	15.9373	8
TCTCA	80290	1.577573	35.47065	25
GAATC	99200	1.5720063	16.15136	10
AAAGT	98165	1.5700356	18.24855	20
CTGCC	100755	1.5674324	16.070663	14
CAGGA	122215	1.5476456	9.641769	6
AAAAG	95375	1.5431604	16.943977	19
ACGGT	122755	1.5366058	13.940987	4
TGAGG	153600	1.5328703	11.392051	10
TACCT	77700	1.5266834	29.077301	1
AGAAA	94100	1.522531	16.187668	17
GTTGA	121810	1.5212225	18.920485	7
CACTA	76375	1.5181087	17.161522	7
ATAAC	75250	1.5096226	7.822134	12
AGTCG	120475	1.5080653	12.68863	5
CTGTG	121350	1.5015486	11.040753	4
GGTCT	121330	1.5013012	15.756947	9
CCCCC	76625	1.4987019	6.29337	10
CTCGG	120555	1.4951968	16.00662	21
TCCTG	95000	1.4744577	22.193846	12
AATTT	74370	1.471372	19.45929	16
ACTTT	74850	1.4672575	22.063152	16
GCTCT	94420	1.4654558	8.765328	18
AAGAC	91350	1.464451	6.056757	12
TGTAG	116950	1.4605285	10.325106	6
GTTAG	116285	1.4522237	22.761715	18
CTCTC	74400	1.4484073	6.919761	1
TAACT	72650	1.4407009	9.172722	13
TTAAG	90950	1.4379104	12.562536	1
TTCGG	116125	1.4368958	35.899803	25
GTAGT	115055	1.4368628	12.72406	5
CTTTG	92790	1.4368002	18.312439	17
TCGCT	91985	1.4276631	39.351906	27
GACGG	142220	1.4226183	11.384034	3
CCGAA	88895	1.4119959	13.431706	13
GCACT	89465	1.4047064	13.628531	6
GGAGG	175950	1.4031624	6.7931514	8
TTAGG	112125	1.4002715	24.476181	19
ACCCT	70885	1.3960335	15.344423	2
ACTTG	88945	1.3932866	5.9063907	6
AGTTA	87280	1.3798878	20.531757	22
AGGAG	136485	1.3779163	11.719147	20
CGGAA	107540	1.3618116	12.885576	8
GCTAA	85155	1.3494375	14.912959	16
TCCTA	68570	1.3472934	7.11022	2
TTGGA	106160	1.3257778	5.0817766	8
CGGCT	106870	1.3254669	13.584069	23
CCGCC	84575	1.3187962	22.856245	27
GGACG	130570	1.3060842	12.19855	2
CCTGC	83750	1.3028878	21.99146	13
TCTGA	82875	1.2982025	5.0945425	2
GATAA	81095	1.2970206	6.4631925	11
CGAAT	81675	1.2942904	15.432391	14
TAGAT	81525	1.288902	10.305814	7
TGTCA	82045	1.285201	12.832446	13
CCTAC	65090	1.2819047	7.1779838	3
ACTCG	80970	1.2713249	19.628416	20
CGATC	80660	1.2664574	8.571377	13
TGATG	101035	1.2617742	9.520167	17
GGCTC	100490	1.2463382	10.396012	24
AGACT	78535	1.2445314	10.291935	10
TGGCA	99060	1.2399998	14.045939	20
GGATA	98140	1.2398797	8.0434675	14
GAAAC	76990	1.2342428	5.418938	20
AGCAG	96480	1.2217555	9.611733	4
CTACT	62100	1.2201678	7.151004	4
GTCAG	95825	1.1995052	10.843112	14
TCCGC	76965	1.1973345	13.144566	13
GATGA	94705	1.1964825	9.016779	18
GTGTG	120875	1.1924138	11.389412	7
CCCTC	61030	1.1908983	6.631883	12
TAATT	60075	1.1885527	7.210386	22
CTCGA	74435	1.1687176	29.874712	26
GGTAA	91875	1.160729	11.049865	12
ACTGA	73165	1.1594338	7.9566545	12
ATTGT	73535	1.1492103	12.356688	3
CTACA	57595	1.144818	17.343582	9
AGCTC	72790	1.1428891	11.753769	17
TGCCA	72360	1.1361377	16.820065	15
GCTCA	72130	1.1325264	5.8139	18
GTGAG	113325	1.1309409	11.99874	9
TACAG	71295	1.1298003	13.985418	10
ACTGC	71485	1.1223992	12.762582	5
CCCGT	71940	1.1191611	8.445889	3
CTGAT	71430	1.1189214	7.7932944	13
TAGCT	70215	1.0998889	12.097343	16
GACGA	86300	1.092843	5.6328106	16
TAGTA	68820	1.0880373	15.684721	6
ACTAC	54400	1.081311	17.227736	8
AATGA	67300	1.0763856	12.100378	15
GAAGT	85005	1.073935	12.824828	3
ATGAA	66965	1.0710276	9.590508	5
GTGTC	86395	1.0690259	9.890127	12
TGACT	68225	1.0687164	5.67209	17
TAAGC	67410	1.0682354	12.1669	2
GGTTG	107500	1.0604714	14.70579	6
GATGT	84075	1.0499694	8.128999	15
GGCCA	82745	1.0381941	9.822671	13
TGAGA	81920	1.0349598	9.037811	1
CTAAG	65075	1.031233	15.188785	17
TACCC	52300	1.030014	15.380501	1
AGGTG	103180	1.0296975	7.666727	10
CCGCA	65415	1.0294926	66.273964	27
GGCTA	81475	1.0198767	5.847522	19
AAGTT	64445	1.0188689	18.940897	21
TCGAT	64745	1.0142035	5.7580037	15
CTCTA	51520	1.0122875	9.162522	19
TACTT	51460	1.0087517	7.1506405	5
AAACT	50205	1.0071841	8.045147	21
GATCT	63280	0.9912549	8.322725	14
TACCA	49100	0.9759626	22.24368	25
AGTAG	77125	0.9743806	12.643802	7
GACTG	77790	0.9737491	5.9901347	11
AGGTT	77465	0.9674205	5.20007	10
AGGTA	76245	0.9632629	12.681466	3
AATAC	47760	0.95813394	13.249526	2
ACGTA	60075	0.9519987	21.407969	17
TGCAC	59850	0.93971586	13.57005	5
GAACC	58675	0.93198556	6.8453536	10
GGAAG	90680	0.91548127	10.51551	2
AAGGA	71495	0.91376156	14.300586	19
ACAGA	56950	0.9129774	14.638742	11
TTACC	46255	0.90883845	19.907267	24
TTTAA	45530	0.9007875	5.273203	1
CCCCT	45935	0.89634454	6.0857186	11
TGAAG	70940	0.8962408	7.720162	6
ATGAT	56675	0.8960261	12.394686	16
CTTGG	72315	0.8948042	5.055678	7
CAAGT	55805	0.8843328	8.276669	3
GCAGG	88085	0.88110906	7.6340895	5
TACTG	56205	0.880428	10.270443	4
GACTA	55400	0.8779147	6.073597	18
TTGAC	55600	0.87095094	5.3149996	16
TAATA	43170	0.8640333	13.665629	1
GCCCA	54185	0.8527563	5.1894894	12
ATGCT	54170	0.8485506	7.8483543	18
ATCCA	42350	0.8417926	8.243478	9
GTGCA	66725	0.83524114	11.359467	4
AACTA	41585	0.83425456	8.780817	22
TATCA	41900	0.8309066	8.732395	6
CCGAT	52675	0.82705986	8.090755	12
CTTGA	52455	0.82168585	5.5085034	15
TAAGG	64460	0.81437385	12.72569	18
TAGTT	52030	0.8131286	6.771125	18
TCGTA	51615	0.8085276	30.530014	27
AGTGC	64500	0.80738926	11.4429	3
CCTCG	51740	0.80491245	5.21531	13
CCCGA	51045	0.8033394	6.9767284	26
CACTG	51110	0.80248755	10.140118	11
TTCTG	51595	0.79891914	5.4732437	1
CTCGT	51465	0.79876804	29.402517	26
TTCAA	40085	0.7949139	11.089275	1
CGCCC	50865	0.79314893	5.067674	8
GAAGC	62565	0.79227954	8.298179	7
CTCCT	40540	0.7892263	7.1346107	1
AAGTA	49295	0.78841645	8.331779	4
CGTGA	60545	0.757882	6.6354337	28
TGTTG	60760	0.7500736	6.747827	17
CTGCA	47690	0.7487895	5.560199	14
GTTAC	47790	0.74861056	18.166674	23
GTAGC	58665	0.7343488	9.590362	15
CCGTA	46385	0.72829944	7.7301126	27
GGAGT	71760	0.71613795	12.1947365	21
ATACT	35980	0.71350884	12.923537	3
CGGCA	56430	0.7080221	16.434315	27
CTCAA	35610	0.7078213	6.5126657	26
TTATC	36000	0.705695	8.70566	5
TCTTG	45480	0.70423186	8.916713	16
ACGAC	43790	0.6955543	5.1508684	5
TAATG	43990	0.6954775	11.812346	14
ATCTT	35430	0.6945215	10.540017	15
AACCG	43325	0.6881683	6.476621	11
ATCTA	34445	0.6830687	6.1500754	22
CTAAC	33600	0.66786855	5.3678904	24
AACCC	33335	0.66414917	9.39043	1
ATTCA	33325	0.66085833	5.147849	23
AGCAC	40805	0.64814097	10.124179	9
AGTGA	51170	0.6464707	5.3559623	23
TATAG	40700	0.64346296	8.267978	16
CTATC	32620	0.640932	6.176625	21
CGTAG	51025	0.63871384	6.1143126	5
CGATA	40145	0.6361713	5.7630315	1
GTATA	39940	0.6314474	8.170217	15
CCAGG	50290	0.6309841	5.786012	11
AGATG	48830	0.6169078	7.6704335	3
TGTAT	39180	0.6123079	10.986571	14
GCTCG	49330	0.6118208	7.8112354	25
TCAAG	38545	0.61081636	8.977935	2
AGTAA	37835	0.605127	8.253497	5
AGGCT	48110	0.6022248	5.434698	18
TGCCT	38780	0.60188913	5.7129583	7
GAGAT	47425	0.5991573	7.6771226	2
ACTAT	29750	0.58996356	5.7221127	20
TAATC	29480	0.58460927	8.265561	7
TACGA	36685	0.58134127	5.1586742	4
AGATT	36445	0.5761918	6.8776636	10
ACCAA	27865	0.5603178	8.844752	26
CTTGT	36060	0.5583685	8.564837	17
ATAGG	44110	0.5572763	8.191005	16
GCTTA	35435	0.5550746	6.973093	3
GAGTG	55390	0.55277133	8.95202	22
CGCCT	35310	0.549313	5.9491615	27
TGCTC	35130	0.5452389	7.0699525	19
TTCTA	27555	0.54015064	7.854283	24
CGCAA	33420	0.53083867	42.064713	28
GATAC	33305	0.52777886	5.587699	2
AGTGT	41905	0.52333	6.6088066	23
ACCCA	26070	0.5194051	14.012727	25
TCCAG	33060	0.5190812	6.673463	10
AGCTT	32530	0.509569	7.0319037	2
TATCT	25165	0.4933004	5.693273	21
TAAAC	24080	0.48307925	5.2212057	3
AAACA	23700	0.48098767	5.2840495	4
CTTAT	24280	0.47595206	8.7077265	4
ATGTT	30180	0.47165522	8.540925	16
ATACG	29300	0.46431231	5.231277	3
GGCAA	36415	0.46113417	5.070957	28
AACAT	22075	0.44285607	5.179405	5
ACCGA	27775	0.44117427	6.303325	12
GATAG	34540	0.4363709	7.795969	15
ATAGT	26965	0.42631394	8.760206	17
TAGGC	32815	0.41076714	6.377224	17
ACATC	18635	0.3704086	5.131664	6
CATCC	17550	0.34563568	5.024871	7
GCCTA	21980	0.34511203	10.765583	28
ACTTA	12380	0.24550416	5.627333	28
>>END_MODULE
