##FastQC	0.10.1
>>Basic Statistics	pass
#Measure	Value	
Filename	20190110sample5-trimmed.fastq	
File type	Conventional base calls	
Encoding	Sanger / Illumina 1.9	
Total Sequences	4396902	
Filtered Sequences	0	
Sequence length	15-32	
%GC	52	
>>END_MODULE
>>Per base sequence quality	pass
#Base	Mean	Median	Lower Quartile	Upper Quartile	10th Percentile	90th Percentile
1	32.54699354227135	33.0	33.0	34.0	31.0	34.0
2	32.772495043100804	34.0	33.0	34.0	32.0	34.0
3	32.84624196763994	34.0	33.0	34.0	32.0	34.0
4	32.782021068470485	34.0	33.0	34.0	31.0	34.0
5	32.80978493493828	34.0	33.0	34.0	32.0	34.0
6	34.54150240328304	38.0	34.0	38.0	27.0	38.0
7	33.62345442313702	38.0	33.0	38.0	16.0	38.0
8	34.4802106119263	38.0	34.0	38.0	26.0	38.0
9	34.49012145369626	38.0	34.0	38.0	27.0	38.0
10	34.79881266400752	38.0	34.0	38.0	28.0	38.0
11	35.58088899866315	38.0	36.0	38.0	29.0	38.0
12	35.18137133827408	38.0	35.0	38.0	29.0	38.0
13	34.39624626612101	38.0	34.0	38.0	26.0	38.0
14	34.69196379632751	38.0	34.0	38.0	27.0	38.0
15	34.9006223017934	38.0	34.0	38.0	28.0	38.0
16	35.70757647510176	38.0	36.0	38.0	29.0	38.0
17	35.15564757109608	38.0	35.0	38.0	29.0	38.0
18	35.156045429481146	38.0	35.0	38.0	29.0	38.0
19	35.6149050515422	38.0	36.0	38.0	29.0	38.0
20	34.82205314594383	38.0	35.0	38.0	27.0	38.0
21	35.27809135849566	38.0	35.0	38.0	29.0	38.0
22	35.35645730817373	38.0	36.0	38.0	29.0	38.0
23	35.40996916860459	38.0	36.0	38.0	29.0	38.0
24	35.927884067435926	38.0	36.0	38.0	31.0	38.0
25	35.827013186377755	38.0	36.0	38.0	30.0	38.0
26	34.53379641912848	38.0	34.0	38.0	27.0	38.0
27	34.98925378352234	38.0	35.0	38.0	28.0	38.0
28	35.100808836101514	38.0	35.0	38.0	28.0	38.0
29	35.495452385125965	38.0	36.0	38.0	29.0	38.0
30	35.19528658630565	38.0	35.0	38.0	28.0	38.0
31	34.530520473787654	38.0	34.0	38.0	27.0	38.0
32	34.791550130460195	38.0	35.0	38.0	27.0	38.0
>>END_MODULE
>>Per sequence quality scores	pass
#Quality	Count
16	6.0
17	24.0
18	106.0
19	303.0
20	753.0
21	1556.0
22	3216.0
23	6029.0
24	11186.0
25	18997.0
26	31448.0
27	49301.0
28	75367.0
29	111819.0
30	160759.0
31	228143.0
32	317055.0
33	431801.0
34	583093.0
35	787536.0
36	1192970.0
37	385434.0
>>END_MODULE
>>Per base sequence content	fail
#Base	G	A	T	C
1	30.24642524401872	12.58855004476406	31.592690720373835	25.572333990843383
2	33.35944317799568	15.747829846600114	14.263184959819725	36.629542015584484
3	20.770247751184876	32.847813820328135	10.817601880973992	35.564336547512994
4	30.98628227157304	15.395787680540568	28.985038203356257	24.632891844530135
5	19.67592755803002	25.613199618898854	37.6261874441773	17.08468537889383
6	42.44830349208862	10.96712652728698	19.514816227468955	27.069753753155446
7	41.34646197401306	11.995061976605797	20.078664495743705	26.579811553637438
8	22.865408430267266	13.895987964233852	49.44389165536134	13.79471195013754
9	45.49294025657156	13.799011212894897	15.89810280056276	24.809945729970785
10	43.76332330430001	22.622228701533192	18.137933967583077	15.476514026583724
11	34.194348657304616	14.660094766724388	31.965370162901063	19.18018641306993
12	23.601936090456416	26.645328915677446	30.55444492508589	19.198290068780246
13	21.060078209612133	17.65511262247828	28.436158003976438	32.84865116393315
14	25.941333238721263	30.90246268850204	15.966218942337127	27.18998513043957
15	42.030229466110455	27.55387770753135	15.81054114920005	14.605351677158144
16	32.692319220232704	18.25768048004124	33.55397166989372	15.496028629832335
17	40.3875416367561	27.74285934290306	15.981534517833323	15.88806450250752
18	39.60147297950057	15.434917004635484	21.541033429098054	23.42257658676589
19	26.33596584239699	22.095208426138576	39.6653855565082	11.903440174956238
20	19.061380277527043	40.02459503084357	28.257446113773998	12.65657857785539
21	49.6258526026001	22.76396169503335	14.077126878444085	13.533058823922472
22	29.497257131539172	42.660622993988255	17.74290904781309	10.09921082665948
23	16.487816512860444	49.5943865113522	13.245469117745065	20.672327858042294
24	24.01423839531739	22.16747466852074	43.07591773248901	10.742369203672862
25	10.440974166595398	23.388189547250363	50.52798371718931	15.642852568964932
26	9.43258647978555	14.384920816446026	19.882574128797927	56.2999185749705
27	12.37706904394428	13.928814757872448	42.54975339320227	31.144362804981
28	21.52620470643585	14.740882478502165	6.8808318594864915	56.8520809555755
29	61.008938612771146	20.40134907454426	6.232632833785414	12.357079478899175
30	7.600316856099301	22.585316372212723	8.348369660670057	61.46599711101792
31	6.16591779307706	49.831669514246315	20.165558192039352	23.836854500637273
32	0.1991884306091709	99.44869251726438	0.2811684623805487	0.07095058974591129
>>END_MODULE
>>Per base GC content	fail
#Base	%GC
1	55.8187592348621
2	69.98898519358016
3	56.33458429869786
4	55.619174116103174
5	36.76061293692385
6	69.51805724524405
7	67.9262735276505
8	36.66012038040481
9	70.30288598654234
10	59.239837330883724
11	53.37453507037455
12	42.800226159236665
13	53.908729373545285
14	53.13131836916083
15	56.635581143268595
16	48.188347850065036
17	56.275606139263616
18	63.02404956626646
19	38.239406017353225
20	31.717958855382435
21	63.158911426522565
22	39.59646795819865
23	37.160144370902735
24	34.75660759899025
25	26.08382673556033
26	65.73250505475605
27	43.52143184892528
28	78.37828566201135
29	73.36601809167033
30	69.06631396711722
31	30.002772293714337
32	0.2701390203550822
>>END_MODULE
>>Per sequence GC content	fail
#GC Content	Count
0	0.0
1	0.0
2	0.5
3	3.0
4	5.0
5	6.0
6	10.0
7	13.5
8	20.0
9	42.5
10	70.5
11	85.5
12	96.5
13	131.0
14	187.5
15	306.5
16	495.0
17	803.5
18	1327.5
19	2079.0
20	3492.5
21	5208.0
22	6818.5
23	9508.0
24	12648.0
25	15274.0
26	18654.0
27	22112.0
28	33009.5
29	45144.5
30	55017.0
31	70551.5
32	81914.0
33	94750.5
34	125936.0
35	161944.5
36	186431.5
37	242245.5
38	301410.0
39	324475.0
40	377946.0
41	416547.5
42	435306.0
43	499692.5
44	573301.5
45	673385.5
46	721370.0
47	734320.5
48	771978.0
49	777630.0
50	733253.0
51	688876.0
52	625863.5
53	554875.0
54	534116.5
55	493554.5
56	448792.5
57	474214.0
58	492888.0
59	455522.0
60	420473.5
61	378906.0
62	368565.5
63	324195.5
64	331785.0
65	382792.5
66	390015.0
67	346930.0
68	260142.5
69	207565.5
70	163010.5
71	140477.5
72	133303.0
73	125487.0
74	119415.5
75	118402.0
76	115338.0
77	109607.5
78	104345.0
79	94686.0
80	84104.5
81	76388.5
82	67620.5
83	58115.5
84	49141.0
85	41865.0
86	35850.5
87	32187.0
88	29033.5
89	24535.0
90	18991.5
91	13230.5
92	8845.0
93	6010.0
94	4116.0
95	3503.5
96	3463.0
97	1821.5
98	93.0
99	6.0
100	6.0
>>END_MODULE
>>Per base N content	pass
#Base	N-Count
1	0.011781022183346365
2	0.002115125604345969
3	7.05041868115323E-4
4	8.415015845247405E-4
5	0.003843615345531922
6	0.00307034361921189
7	2.2743286068236227E-5
8	1.592030024776536E-4
9	0.0
10	2.2743286068236227E-5
11	0.0
12	0.0
13	0.0
14	0.0
15	0.0
16	0.0
17	0.0
18	0.0
19	0.0
20	5.7843406907254746E-5
21	5.163350175979123E-4
22	0.0
23	0.0
24	7.887427480033963E-5
25	0.0
26	0.0
27	0.0
28	1.0890482045406776E-4
29	0.0
30	0.0
31	0.0
32	0.0
>>END_MODULE
>>Sequence Length Distribution	warn
#Length	Count
15	226427.0
16	144585.0
17	193929.0
18	166130.0
19	208220.0
20	165175.0
21	212631.0
22	228815.0
23	315309.0
24	208810.0
25	140811.0
26	172328.0
27	177266.0
28	176365.0
29	265146.0
30	265926.0
31	521564.0
32	607465.0
>>END_MODULE
>>Sequence Duplication Levels	fail
#Total Duplicate Percentage	89.52534771060799
#Duplication Level	Relative count
1	100.0
2	16.9187675070028
3	9.134238310708898
4	6.2296918767507
5	4.612798965740142
6	3.704374057315234
7	2.962292609351433
8	2.4494720965309202
9	2.114199525964232
10++	24.250808015513897
>>END_MODULE
>>Overrepresented sequences	fail
#Sequence	Count	Percentage	Possible Source
GCATTGGTGGTTCAGTGGTAGAATTCTCGCA	141619	3.220881429697546	No Hit
CGCGACCTCAGATCAGACGTGGCGACCCGCTA	125456	2.853281696976644	No Hit
GCATTGGTGGTTCAGTGGTAGAATTCTCGCCA	125397	2.8519398430986183	No Hit
CGCGACCTCAGATCA	89575	2.03722984956226	No Hit
GCATTTGTGGTTCAGTGGTAGAATTCTCGCA	54277	1.2344373379256577	No Hit
GCATTTGTGGTTCAGTGGTAGAATTCTCGCCA	48766	1.1090990884036078	No Hit
CGCGACCTCAGATCAGACGTA	47260	1.074847699584844	No Hit
GCATTGGTGGTTCAGTGGTAGAATTCTCA	46149	1.0495799087630335	No Hit
TACCTGGTTGATCCTGCCA	44935	1.0219695594761948	No Hit
TGGACGGTGTGAGGCCA	42118	0.9579017226219735	No Hit
CGCGACCTCAGATCAGACGTGGCGACCCGCA	40419	0.9192608795920401	No Hit
TCAGTGCACTACAGAACTTTGTA	38381	0.8729100625849745	No Hit
TCCCTGGTGGTCTAGTGGTTAGGATTCGGA	32780	0.7455249173167835	No Hit
TCCCTGGTGGTCTAGTGGTTAGGATTCGGCGA	31266	0.7110915822094739	No Hit
GCATTGGTGGTTCAGTGGTAGAATTCTCGA	28113	0.6393820012363249	No Hit
AGAAGACGGTCGAACTTGACTATCTA	26533	0.6034476092485118	No Hit
CGCGACCTCAGATCAGACGTGGCA	25196	0.57303983577528	No Hit
TCCCTGGTGGTCTAGTGGTTAGGATTCGGCA	24213	0.5506831855702037	No Hit
GCATTGGTGGTTCAGTGGTAGAATTCTCGCTA	23503	0.534535452461756	No Hit
GAGAAGACGGTCGAACTTGACTATCTA	23490	0.534239789742869	No Hit
TCCCTGTGGTCTAGTGGTTAGGATTCGGA	21162	0.481293419776015	No Hit
TCCCTGTGGTCTAGTGGTTAGGATTCGGCGA	20228	0.46005119058828237	No Hit
GCATTGGTGGTTCAGTGGTAGAATTCTCGTA	18673	0.4246853807521751	No Hit
GCATTTGTGGTTCAGTGGTAGAATTCTCA	16121	0.3666445147060362	No Hit
GCATTGTGGTTCAGTGGTAGAATTCTCGCA	16078	0.365666553405102	No Hit
TCCCTGTGGTCTAGTGGTTAGGATTCGGCA	15614	0.35511366866944044	No Hit
CGCGACCTCAGATCAGACGA	14949	0.3399893834340634	No Hit
TACCTGGTTGATCCTGCA	14410	0.327730752243284	No Hit
GCATTGTGGTTCAGTGGTAGAATTCTCGCCA	13879	0.3156540673410506	No Hit
CGCGACCTCAGATCAGACGTGGCGACCCGCCA	13827	0.3144714164655023	No Hit
TGAGATGAAGCACTGTAGCTCTA	13262	0.3016214598369488	No Hit
CGACTCTTAGCGGTGGATCA	12702	0.28888521963873653	No Hit
TGGACGGTGTGAGGCTA	10438	0.23739441998024974	No Hit
CGACTCTTAGCGGTGGATA	10367	0.23577964666940493	No Hit
CGCGACCTCAGATCAGAA	10186	0.2316631118910542	No Hit
TTCAAGTAATCCAGGATAGGCTA	9986	0.22711445467740699	No Hit
GCATTTGTGGTTCAGTGGTAGAATTCTCGA	9972	0.22679604867245165	No Hit
GCATTGGTGGTTCAGTGGTAGAATTCTA	9869	0.22445349020742333	No Hit
TGAGATGAAGCACTGTAGCTCA	9527	0.21667528637208652	No Hit
TACCTGGTTGATCCTGCTA	9397	0.2137186591832158	No Hit
GCATTGGTGGTTCAGTGGTAGAATTCTCGCAA	9176	0.2086923929621356	No Hit
GCATTTGTGGTTCAGTGGTAGAATTCTCGCTA	8973	0.20407550589028367	No Hit
GCATGGGTGGTTCAGTGGTAGAATTCTCGCCA	8864	0.2015964877088459	No Hit
TACCCTGTAGAACCGAATTTGTA	8611	0.19584243633358214	No Hit
TGGAAGTCGGAATCCA	8551	0.19447783916948796	No Hit
CGCGACCTCAGATCAGACGTGGCGACCCA	8510	0.1935453644406903	No Hit
AACCCGTAGATCCGATCTTGTA	8379	0.19056599396575133	No Hit
TACCCTGTAGATCCGAATTTGTA	8335	0.18956528937874895	No Hit
TGGACGGTGTGAGGCCGA	7913	0.17996762265795324	No Hit
CGACTCTTAGCGGTGGATCACTCGGCTA	7859	0.1787394852102685	No Hit
CGCGACCTCAGATCAGACGTGA	7739	0.17601029088208014	No Hit
TCCCTGGTGGTCTAGTGGTTAGGATTCGA	7629	0.17350852941457418	No Hit
TGAGGTAGTAGATTGTATAGTTA	7580	0.1723941083972306	No Hit
GCATGGGTGGTTCAGTGGTAGAATTCTCGCA	7315	0.16636713758914798	No Hit
CGACTCTTAGCGGTGA	7243	0.16472962099223498	No Hit
TCGGAGGTTCGAAGACGATCA	7196	0.1636606865470279	No Hit
GACTCTTAGCGGTGGATCACTCGGCTA	7121	0.16195494009191017	No Hit
GCATTTGTGGTTCAGTGGTAGAATTCTCGTA	7110	0.1617047639451596	No Hit
GACTCTTAGCGGTGGATCACTCGGCTCA	6964	0.15838424417919708	No Hit
CGACTCTTAGCGGTGGATCACTCGGCA	6350	0.14441986653330002	No Hit
CGACTCTTAGCGGTGGATCACTA	6247	0.1420773080682717	No Hit
CTCCTACTTGGATAACTGTGGTAATTA	6134	0.13950731674256103	No Hit
TAGCTTATCAGACTGATGTTGA	6066	0.13796077328992096	No Hit
CTCTCGGCGCCCCCTCGATGCTCTA	6031	0.1371647582775327	No Hit
TGGAAGTCGGAATCCGCTAAGGAGTGA	5978	0.13595936411591616	No Hit
CGCGACCTCAGATCAGACGTGGCGACCCGCAA	5956	0.13545901182241496	No Hit
GACTCTTAGCGGTGGATCACTCGGCA	5657	0.12865876928801234	No Hit
CGCGACCTCAGATCAGACA	5564	0.12654364368366636	No Hit
TAGCTTATCAGACTGATGTTGAA	5562	0.12649815711152987	No Hit
CGACTCTTAGCGGTGGATCACTCGGCTCA	5553	0.12629346753691575	No Hit
TAATACTGCCTGGTAATGATGA	5523	0.12561116895486868	No Hit
GCATTGTGGTTCAGTGGTAGAATTCTCA	5486	0.12476966737034394	No Hit
GCATTGTGGTTCAGTGGTAGAATTCTCGCCTA	5406	0.12295020448488504	No Hit
TCGGAGGTTCGAAGACGAA	5310	0.12076684902233435	No Hit
GCATTGGTGGTTCAGTGGTAGAATTCTCGAA	5207	0.11842429055730604	No Hit
CGCGACCTCAGATCAGACGCA	5090	0.1157633260873224	No Hit
CGCGACCTCAGATCAGACGTGGCGACCCGA	5047	0.11478536478638825	No Hit
CGCGACCTCAGATCAGACGTGGA	5043	0.11469439164211528	No Hit
TCTCCTACTTGGATAACTGTGGTAATTA	4985	0.11337528105015758	No Hit
CGCGACCTCAGATCAGACGTGGCGACCCGTA	4963	0.11287492875665639	No Hit
GGCGTGAAACCGTTAAGAGGTA	4918	0.11185148088358576	No Hit
TACCTGGTTGATCCA	4832	0.10989555828171745	No Hit
CTCCTACTTGGATAACTGTGGTAA	4805	0.10928148955787506	No Hit
TCCCTGTGGTCTAGTGGTTAGGATTCGA	4784	0.10880388055044211	No Hit
GCATTGGTGGTTCAGTGGTAGAATTCA	4722	0.10739379681421145	No Hit
TCCCTGGTGGTCTAGTGGTTAGGATTCA	4676	0.10634760565507259	No Hit
CTCTCGGCGCCCCCTCGATGCTCTTA	4626	0.10521044135166077	No Hit
TGGAAGTCGGAATCCGCTAAGGAGTA	4510	0.10257222016774538	No Hit
CGACTCTTAGCGGTGGATCACTCA	4505	0.1024585037374042	No Hit
TGAGGTAGTAGTTTGTACAGTTA	4422	0.10057081099374059	No Hit
>>END_MODULE
>>Kmer Content	fail
#Sequence	Count	Obs/Exp Overall	Obs/Exp Max	Max Obs/Exp Position
GTGGT	2115275	13.945238	138.32986	15
AATTC	797715	12.290946	433.7723	22
TCAGA	944695	11.920432	132.92523	8
ATTCT	765190	10.808513	424.4257	23
CGACC	794435	10.697639	144.23967	23
TAGAA	806485	10.28851	279.83612	19
TTCTC	733025	10.241407	446.92413	24
AGAAT	779380	9.942725	313.57104	20
GAATT	846515	9.900336	313.1991	21
TGGTT	1188005	9.56345	115.649895	8
TCAGT	824880	9.542238	173.66689	12
GTTCA	796065	9.208904	163.82191	10
TTCAG	769565	8.902352	163.57732	11
ACCTC	518365	8.523196	165.9147	5
CCTCA	517460	8.508315	165.70566	6
GATCA	673805	8.502264	126.00719	11
GTAGA	868580	8.319321	195.04863	18
GCATT	716255	8.285661	171.55646	1
GCGAC	784830	8.022004	102.96137	2
CAGTG	844685	8.00234	147.03125	13
TGGTA	904005	7.937944	161.17516	16
TCTCG	679180	7.7712083	355.67908	25
AGTGG	1067330	7.675359	143.84265	14
GGTTC	857835	7.450495	123.94452	9
CTCGC	580250	7.1631465	390.28494	26
AGATC	535425	6.7561455	125.85479	10
CTCAG	528965	6.6019387	126.07469	7
CATTG	558820	6.4644475	128.84445	2
GACCT	517420	6.4578466	125.652016	4
CAGAT	504890	6.3708463	127.0738	9
GGTAG	849810	6.111134	137.714	17
AGACG	559535	5.782164	92.963936	15
CAGAC	408160	5.556686	119.5493	14
CGCGA	537740	5.4964175	102.4377	1
ATCAG	425865	5.373686	105.65281	12
GGTGG	877345	4.736879	72.5516	6
CCCTG	373500	4.6108317	62.03495	2
TGGTG	694115	4.5760474	84.44684	5
ATTGG	518430	4.5522623	87.32457	3
TTGGT	565285	4.550549	81.729576	4
ACTCT	295035	4.4963	31.390024	3
CCCGC	316610	4.2169495	180.10149	26
GACCC	298810	4.0236917	153.46883	24
ACCCG	297610	4.007533	161.31093	25
TCCCT	238950	3.6019106	68.891106	1
CGCCA	265120	3.570032	446.77164	28
CCTGG	374625	3.5104527	48.448154	3
GACTC	281130	3.5087445	25.569815	2
GACGT	370210	3.5072799	84.640015	16
TCGCA	280620	3.5023792	245.70946	27
TGTGG	508990	3.3555856	26.180683	6
TCTTA	233695	3.3010042	28.854633	5
CTCTT	232970	3.254924	28.612577	4
TCGCC	261755	3.2313476	203.0684	27
CGCTA	253080	3.1586564	336.42578	28
GGCGA	402655	3.1240513	73.00589	21
ACGTG	327030	3.0982027	75.01007	17
TCTAG	265995	3.0770388	34.09421	11
AACTT	198385	3.0566547	21.454897	15
TTTGT	309820	3.0453904	37.143867	4
GAACT	234930	2.9644141	18.093424	14
GTCTA	253455	2.9319751	33.824287	10
GATTC	253395	2.9312816	70.7286	23
CTAGT	251655	2.911153	33.99809	12
TGGCG	404835	2.879534	61.472946	20
AGGAT	289320	2.7711277	52.28866	21
TCGGC	295145	2.7656796	42.809647	26
AAGAC	200765	2.7633078	11.267889	3
CGTGG	385025	2.7386281	58.52802	18
CTGGT	314575	2.7321565	44.35375	4
TGGAT	305345	2.6811926	17.89125	14
GGATT	303125	2.661699	50.946514	22
CCGCT	214725	2.6507654	137.51741	27
ATTTG	246790	2.646074	40.173832	3
ATTCG	228595	2.644394	70.48206	24
CATTT	187205	2.644321	52.47496	2
TAGGA	276020	2.6437392	48.35525	20
TAGTG	299450	2.6294293	30.670809	13
GTGGC	366075	2.6038396	61.0462	19
GGTTA	295475	2.5945256	36.864365	17
CTTAG	223895	2.5900245	23.778193	6
TCGAA	201975	2.5485785	10.39538	10
CGGTG	350735	2.4947283	15.351255	11
CGACT	191580	2.391083	25.54458	1
TTGTG	294690	2.372257	30.453806	5
GATCC	189195	2.3613162	32.76333	10
TCGGA	247420	2.3439972	23.872799	26
TGGTC	267155	2.3203027	25.842596	8
ACTTG	200060	2.3143005	11.8248625	14
CCTGT	201235	2.3025398	25.196247	3
GAAGA	219325	2.2914329	8.636649	2
GGTCT	263610	2.2895136	25.673603	9
TTAGC	197795	2.2880988	23.638779	7
CGAAC	166805	2.2708817	11.473263	11
ATCAC	135430	2.2513216	25.936136	17
GTTAG	255955	2.2475057	36.904503	18
ACGGT	233025	2.2076223	15.164749	4
AACTG	174370	2.2002506	10.832918	14
AACGA	159635	2.1971989	6.19042	2
ATCCT	144040	2.1951532	32.564518	11
TTAGG	247640	2.1744928	39.314598	19
GTGGA	294865	2.1204264	15.019896	13
ATAAC	125595	2.110818	11.434985	12
TTCGG	238005	2.0671284	52.661053	25
TCTCA	135180	2.060128	67.93101	25
TGATC	176960	2.0470788	26.548695	9
TCACT	133295	2.0314007	25.235703	18
CTGTG	233675	2.0295212	17.205156	4
CACTC	122255	2.010173	25.317394	19
GACGG	257155	1.9951706	12.650275	3
ACCTG	159840	1.9949409	29.153288	2
AGCGG	253230	1.964718	16.111288	9
ACTGT	169625	1.9622275	11.07162	12
AGAAC	141890	1.9529587	17.01376	13
TAGCG	205805	1.9497465	19.40204	8
CCCCC	107550	1.88715	6.929907	10
CGGCG	243820	1.8711065	22.585707	27
AGGCC	178735	1.8269088	13.615595	12
TACCT	118430	1.8048596	35.432922	1
TAACT	115850	1.7849809	11.429177	13
GGATC	184765	1.7504187	16.983164	15
TGACT	149615	1.7307509	13.55467	17
CCTAC	105020	1.7267872	10.530715	3
AATCC	103635	1.722777	13.707234	11
CTGTA	147715	1.7087718	10.715937	13
TGGAC	180335	1.70845	16.505257	1
GCGGT	236330	1.6809818	15.675033	10
TTGAT	156125	1.673967	24.816692	8
GATAA	130310	1.6623939	8.684657	11
GAGGC	213365	1.6554203	12.680876	11
GACTA	130865	1.6512921	15.639238	18
CTACT	107880	1.644079	9.758825	4
TTCGA	140970	1.6307455	7.8573875	25
GTCGG	227005	1.6146543	7.909584	6
AGAAG	151845	1.5864247	8.64842	1
CCGCC	118180	1.5740471	17.413416	27
TCCTG	137330	1.571336	25.078222	12
GGCCC	154970	1.5667477	5.5747843	3
CAGAA	112890	1.5538057	16.280104	12
GCCCT	125460	1.5487951	6.282767	4
AAGTC	121970	1.5390522	11.39384	4
TGTGA	174815	1.5350264	14.039705	8
GAGAA	146535	1.5309477	8.077205	1
CTGCC	122250	1.5091679	19.126572	14
TTGAC	130165	1.5057529	12.793799	16
TCCGA	120535	1.5043805	7.8247743	11
ACTAT	97335	1.4997076	18.039192	20
GTAAT	128200	1.499351	7.662007	13
CACTA	89925	1.4948689	17.17781	7
TTGGA	170160	1.4941517	6.1475644	8
GTTGA	168765	1.4819022	20.590645	7
CTATC	96905	1.4768212	19.6914	20
TCCTA	96560	1.4715635	9.685368	2
CCTGC	117875	1.4551587	26.266054	13
CGGTC	153685	1.4401175	7.6587596	7
TGGAA	150230	1.4389136	9.2911415	1
CTCGG	152820	1.4320117	14.751719	21
CTTGA	123545	1.4291725	12.498182	15
CTCGA	113325	1.4143934	47.02054	26
ATCCG	111970	1.3974819	8.514896	10
ATCTA	89825	1.3839958	19.612722	22
TGAGG	191935	1.3802385	11.757211	10
TACTT	97380	1.3755184	9.074709	5
GGATA	143595	1.3753631	6.224396	10
ACTTT	97080	1.3712811	19.127329	16
GAGGT	189640	1.3637348	7.102886	2
CTGAG	143530	1.3597684	5.2092934	18
GGACG	174945	1.3573333	13.529785	2
GAAAC	98600	1.3571198	5.3874264	20
ACGAA	98405	1.3544357	5.2526565	3
CCGAA	98990	1.3476487	10.356457	13
GCACT	107845	1.3459983	12.9774885	6
CGGAG	172910	1.3415447	5.8934984	10
TAATT	93800	1.3395389	8.414585	22
ACTCG	107210	1.3380731	19.165815	20
GGAAT	136380	1.3062574	9.345655	9
TTGTA	121645	1.3042737	21.05313	19
CTTTG	119950	1.2720929	15.095144	17
GACGA	122195	1.2627476	6.283881	14
AAGCA	91270	1.2562305	11.450618	8
GGTCG	175715	1.2498358	6.0318127	8
CTCTC	82755	1.2474414	6.637586	1
CGGAA	119580	1.2357246	9.416156	8
TGAGA	128045	1.2264241	9.098793	1
TGTAG	139615	1.2259401	8.311683	14
AGTCG	128405	1.2164778	8.594219	5
CCCTC	74680	1.2145497	6.5437384	12
TGCCA	96740	1.2073983	20.11335	15
GGTGT	182700	1.2044746	10.80882	6
TCGCT	104725	1.1982682	39.499355	27
CGGCT	127820	1.1977473	12.524728	23
GGTAA	125015	1.1974026	7.7713513	12
ACTGA	93050	1.1741315	6.501927	12
GTAGT	131940	1.158547	8.220436	5
AATTT	80940	1.1558878	12.647045	16
TATCT	81660	1.1534693	16.9278	21
GAATC	91085	1.1493366	11.43001	10
CGAAT	89880	1.1341316	11.344351	14
ACCCT	68840	1.131899	11.637212	2
AGACT	89160	1.1250464	8.571513	10
GGCCA	108960	1.1137158	11.126079	13
AAACT	66180	1.1122571	6.9971747	21
CCCCT	67605	1.0994862	6.082843	11
GTCGA	115315	1.0924662	7.5408964	9
GCTCT	95470	1.0923721	7.592822	18
GCTCA	87085	1.0868958	5.7617526	18
ACTAC	65285	1.0852656	17.235476	8
GATGA	112645	1.0789218	7.8088493	4
CTCCT	71530	1.0782367	9.690115	1
GGCTC	114730	1.0750865	10.042137	23
GAAAA	77035	1.0719763	5.52826	15
CTCTA	69870	1.0648109	9.108683	19
CTACA	63940	1.0629071	17.301823	9
CTTGG	121645	1.0565149	5.9317913	7
ATTGT	98340	1.0543981	13.629117	3
ATGAA	80575	1.0279133	10.175365	5
TACAG	80965	1.0216395	13.2790785	10
AAAGT	79125	1.0094153	5.0747247	20
GTGTG	153085	1.0092337	10.71629	7
ACTGC	80750	1.0078295	10.209481	5
CGAAG	97395	1.0064677	6.1104875	10
AGCTC	80575	1.0056454	12.187764	17
TGGCA	105975	1.0039815	9.783832	20
CGATC	79890	0.997096	5.413333	13
GTGAG	137880	0.99151945	11.778378	9
GGTTG	147720	0.9738642	15.408598	6
AAAAG	69745	0.9705327	5.247789	19
TAGCT	83675	0.967955	11.734862	16
CGCCC	72100	0.9603046	5.1468425	8
TGATG	108900	0.95623595	6.002752	17
CGGCA	92755	0.94807917	27.384533	27
CGGCC	92320	0.9333558	5.112515	2
CAGGA	90320	0.93335533	5.8756223	12
GCTAA	73690	0.9298415	8.935397	16
ACAGA	67250	0.9256217	14.999749	11
GAACC	67655	0.9210545	5.8160653	10
TCCGC	74445	0.9190184	7.9685125	13
CCGCA	68195	0.9182948	55.845314	27
AATGA	71185	0.908123	8.700395	15
GCGGA	115415	0.89546233	5.0664835	9
AGAAA	64245	0.8939977	5.903782	17
ATCCA	53730	0.89318097	6.352098	9
TAGAT	76120	0.89025426	6.5479913	7
CCCGT	71070	0.8773543	5.6962023	3
AACTA	51755	0.86982274	8.116188	22
AGGTT	98855	0.8680323	5.069808	5
GAAGC	82090	0.8483076	8.911021	7
TGAAG	87495	0.8380333	7.806454	6
TGCAC	67095	0.8374033	12.913727	5
CTCGT	73030	0.8356125	29.965654	26
AATTA	53585	0.83471197	5.754695	22
AATAC	49355	0.829487	9.718051	2
ACGTA	65675	0.8287059	18.665344	17
GAAGT	85910	0.8228521	8.681949	3
TAGTA	70035	0.8190878	10.600572	6
TACCC	49545	0.8146416	11.576034	1
TCGTA	70295	0.8131748	32.372227	27
ATTCA	51855	0.79896575	9.680247	23
GCATG	84150	0.7972167	6.166811	1
CTGAT	68340	0.7905593	5.7383566	13
CACTG	62385	0.7786185	10.253288	11
CCCGA	57485	0.77407694	6.9255543	26
AGGAG	98425	0.77205163	6.6477947	20
AGTAG	80155	0.7677303	8.743585	7
CTGCA	60230	0.7517223	6.625888	14
GTGCA	79270	0.7509848	10.271514	4
TATCA	48725	0.7507397	6.8287954	6
GGAAG	95025	0.7453817	7.3651056	2
AGTGC	78460	0.743311	10.380169	3
GTTCG	85470	0.7423266	5.0571322	7
AGGTA	76080	0.7286997	8.791708	3
CAAGT	56860	0.7174757	6.144691	3
TCTCC	46995	0.7083984	8.249435	1
AGCAC	51805	0.70527273	11.374529	9
ATGAT	59400	0.6947071	8.152155	16
GATGT	78750	0.691493	5.7494717	15
GTAGC	72855	0.6902106	9.448624	15
TTCTA	48540	0.68564045	12.9724655	24
ATGCT	58505	0.6767876	6.7201257	18
CTAAG	53490	0.67495215	8.916511	17
CGTGA	71125	0.67382103	6.736612	28
AGTTA	57520	0.6727198	7.2384887	19
AAGTA	52650	0.6716679	6.218999	4
AACCG	48565	0.6611634	5.6886888	11
TTCAA	42575	0.65598243	8.579523	1
AAGGA	62670	0.65475476	8.421854	19
CTCAA	38340	0.63734525	8.378973	26
TACTG	54595	0.63155663	6.6584134	4
TAATA	40505	0.6309603	9.158791	1
CCGAT	50265	0.6273504	5.0522285	12
CTAAC	37110	0.6168983	5.2031713	24
CCGTA	48265	0.6023887	5.9336514	27
CGCCT	48740	0.60169196	6.4458127	27
TTATC	42510	0.6004652	6.3081927	5
GCTCG	62680	0.58734787	7.068819	25
AGATG	60235	0.5769351	7.7273574	3
GAGAT	59525	0.57013476	7.7264743	2
AACCC	30750	0.55150926	6.7943745	1
ACCCA	30340	0.54415584	11.792947	25
CGGTA	55870	0.52929884	5.2572722	27
CGCAA	38485	0.52393436	44.572643	28
TAAGG	54250	0.51961035	7.1045914	18
TATAG	44335	0.5185158	5.6936927	16
TACCA	30930	0.51416504	6.2400126	25
GTATA	43615	0.5100952	5.561697	15
CATGG	53090	0.5029618	5.732989	2
TAATG	42995	0.502844	7.718451	14
TCAAG	39450	0.4977914	6.8677835	2
TGCTC	43160	0.4938386	5.9598093	19
ATACT	31985	0.49281496	8.758405	3
GGAGT	67315	0.4840741	6.3104086	21
AGTAA	37120	0.47354817	6.1237273	5
GCTTA	40420	0.46757984	5.1613817	3
GGCAA	44500	0.45985734	6.9294543	28
ATCTT	32545	0.4597068	6.04602	15
TAATC	29570	0.4556054	5.9555626	7
ATAGG	45145	0.432402	5.863514	16
TGTAT	37915	0.40652332	6.704826	14
AGCTT	34835	0.4029724	5.2003818	2
TTACC	25645	0.3908269	5.0344644	24
TCGTG	44640	0.3877087	5.016275	26
GCGCA	35845	0.36638346	5.5644674	28
GCCTA	27615	0.34465897	12.4248705	28
CTTAT	23915	0.3378058	6.2948775	4
ATGTT	30690	0.32905716	5.906116	16
GGTCA	34595	0.32774466	5.0415936	28
GATAG	33485	0.32072172	5.5592074	15
ATAGT	27330	0.31963542	5.9910536	17
CGTTC	27305	0.31242505	5.224722	25
>>END_MODULE
