##FastQC	0.10.1
>>Basic Statistics	pass
#Measure	Value	
Filename	20190110sample14-trimmed.fastq	
File type	Conventional base calls	
Encoding	Sanger / Illumina 1.9	
Total Sequences	3404592	
Filtered Sequences	0	
Sequence length	15-32	
%GC	53	
>>END_MODULE
>>Per base sequence quality	pass
#Base	Mean	Median	Lower Quartile	Upper Quartile	10th Percentile	90th Percentile
1	32.57042605986268	33.0	33.0	34.0	32.0	34.0
2	32.84531009883123	33.0	33.0	34.0	32.0	34.0
3	32.92950256594623	34.0	33.0	34.0	32.0	34.0
4	32.84724043292118	34.0	33.0	34.0	31.0	34.0
5	32.83556061930475	34.0	33.0	34.0	32.0	34.0
6	34.537287287287285	38.0	34.0	38.0	27.0	38.0
7	33.531314765469695	38.0	33.0	38.0	16.0	38.0
8	34.40694450318863	38.0	34.0	38.0	26.0	38.0
9	34.327055341726705	38.0	34.0	38.0	27.0	38.0
10	34.544221451498444	38.0	34.0	38.0	27.0	38.0
11	35.40219591657385	38.0	35.0	38.0	29.0	38.0
12	35.010300500030546	38.0	35.0	38.0	28.0	38.0
13	34.3080715692218	38.0	34.0	38.0	26.0	38.0
14	34.69334651552961	38.0	34.0	38.0	27.0	38.0
15	34.725988312255915	38.0	34.0	38.0	28.0	38.0
16	35.469546993750036	38.0	36.0	38.0	29.0	38.0
17	34.87745999574421	38.0	34.0	38.0	28.0	38.0
18	34.818269561711624	38.0	34.0	38.0	28.0	38.0
19	35.29188457407919	38.0	35.0	38.0	29.0	38.0
20	34.45749854721468	38.0	34.0	38.0	26.0	38.0
21	34.98737602253787	38.0	34.0	38.0	28.0	38.0
22	35.0403178163894	38.0	35.0	38.0	28.0	38.0
23	35.11349241706118	38.0	35.0	38.0	28.0	38.0
24	35.67145406570929	38.0	36.0	38.0	29.0	38.0
25	35.44993155787825	38.0	36.0	38.0	29.0	38.0
26	33.99926047499877	38.0	34.0	38.0	24.0	38.0
27	34.53289329621172	38.0	34.0	38.0	27.0	38.0
28	34.674576890151855	38.0	34.0	38.0	27.0	38.0
29	34.99334827573031	38.0	34.0	38.0	28.0	38.0
30	35.083144155431306	38.0	35.0	38.0	27.0	38.0
31	34.577149867075654	38.0	34.0	38.0	27.0	38.0
32	34.9096859947203	38.0	35.0	38.0	27.0	38.0
>>END_MODULE
>>Per sequence quality scores	pass
#Quality	Count
16	3.0
17	8.0
18	50.0
19	187.0
20	413.0
21	951.0
22	2012.0
23	3971.0
24	7790.0
25	13824.0
26	24218.0
27	39131.0
28	62126.0
29	93696.0
30	138300.0
31	194803.0
32	268556.0
33	362308.0
34	476253.0
35	620917.0
36	859468.0
37	235607.0
>>END_MODULE
>>Per base sequence content	fail
#Base	G	A	T	C
1	26.38239734117695	12.39331968945539	31.75788354018976	29.466399429177905
2	33.95936456165869	17.48671470482148	16.249710678404803	32.30421005511503
3	18.288303583072604	31.94391411058802	10.669413175960269	39.098369130379105
4	31.669291560608613	14.571480434308823	28.76729066886919	24.991937336213375
5	19.819713706140803	27.75368529764069	34.79600666652176	17.63059432969675
6	38.40003830231453	10.955842483493877	20.42576664843586	30.218352565755737
7	38.6642624620696	12.05504567215269	20.834338104048328	28.44635376172938
8	21.045730670337008	14.539712023723295	49.219347080672954	15.195210225266742
9	40.83382091011199	15.095406439303153	16.744796439632122	27.325976210952735
10	41.718625902898204	25.46404973048165	14.910215379698949	17.907108986921195
11	35.798973856485595	15.276896614924784	27.92187727633737	21.00225225225225
12	24.38659316593589	27.61535009187591	29.47398689769582	18.52406984449238
13	20.308747714851002	15.570411961257033	29.723385357188175	34.3974549667038
14	23.354692720889904	27.185166387044323	17.8058340030171	31.654306889048673
15	40.91383049716383	29.12625066380935	16.58307368401265	13.37684515501417
16	34.421700017789746	19.861103621235873	30.142770452163255	15.57442590881113
17	36.9781387007353	30.589658561459615	16.688648471505367	15.74355426629972
18	36.09708492534777	16.51347245537137	20.784824439668448	26.604618179612405
19	27.56281855294319	22.566299241244934	37.19865809845975	12.672224107352124
20	20.59174765583754	37.424358469100184	29.333335811961366	12.650558063100911
21	50.00303077586688	19.51678873849723	14.688156627368256	15.792023858267623
22	29.56405502959663	39.71589897372831	19.952472321284446	10.767573675390613
23	14.686900487878052	47.17258448856844	11.533043142733472	26.60747188082004
24	29.056781116368523	20.915166302121126	39.84098016340887	10.18707241810147
25	10.699718017309568	28.97890558089066	46.304269030672295	14.017107371127477
26	9.302727355775534	15.314879180879737	16.29434586527843	59.0880475980663
27	11.012647553659276	13.225527412100249	41.82254526066963	33.93927977357084
28	16.87922573891753	14.212380666537545	6.744623063718931	62.16377053082599
29	65.48216871250682	17.730235265520218	5.760139570767859	11.027456451205108
30	7.064625913944313	19.276511397423192	8.000916281765994	65.6579464068665
31	5.785062605760461	44.259097754526024	23.401777274424777	26.55406236528874
32	0.18345668682036795	99.48776523468015	0.26583632923718303	0.06294174926228567
>>END_MODULE
>>Per base GC content	fail
#Base	%GC
1	55.848796770354845
2	66.26357461677372
3	57.3866727134517
4	56.66122889682199
5	37.45030803583755
6	68.61839086807026
7	67.11061622379898
8	36.24094089560375
9	68.15979712106473
10	59.62573488981939
11	56.80122610873784
12	42.910663010428266
13	54.70620268155479
14	55.00899960993858
15	54.290675652178
16	49.996125926600875
17	52.72169296703502
18	62.70170310496018
19	40.23504266029532
20	33.242305718938454
21	65.79505463413452
22	40.331628704987246
23	41.29437236869809
24	39.24385353447
25	24.716825388437044
26	68.39077495384184
27	44.951927327230116
28	79.04299626974353
29	76.50962516371193
30	72.72257232081081
31	32.3391249710492
32	0.24639843608265363
>>END_MODULE
>>Per sequence GC content	warn
#GC Content	Count
0	1.0
1	1.0
2	2.0
3	3.0
4	3.0
5	3.5
6	4.0
7	5.0
8	11.5
9	27.0
10	45.5
11	57.5
12	69.5
13	93.5
14	124.5
15	195.0
16	310.0
17	496.0
18	811.5
19	1305.0
20	2289.0
21	3487.0
22	4640.5
23	6573.5
24	9259.0
25	11725.0
26	14354.5
27	17266.0
28	26791.0
29	36811.5
30	44874.5
31	57797.0
32	67017.0
33	81298.0
34	111795.0
35	144043.5
36	166376.5
37	208137.0
38	253084.5
39	273275.0
40	302795.5
41	317201.5
42	326714.0
43	356534.5
44	394991.5
45	476244.0
46	523530.0
47	542965.5
48	584204.0
49	597106.0
50	575470.5
51	553835.0
52	491698.5
53	424301.5
54	406601.5
55	372070.5
56	336507.5
57	354835.0
58	365439.0
59	329206.0
60	305697.0
61	282906.5
62	269848.5
63	242801.0
64	277352.5
65	332344.5
66	347948.0
67	305539.0
68	231068.5
69	201078.5
70	155103.5
71	126461.0
72	120651.5
73	112453.0
74	102876.0
75	98045.5
76	91976.5
77	83779.5
78	75983.5
79	65370.0
80	55566.5
81	49232.5
82	43670.5
83	37938.5
84	31908.5
85	27065.5
86	23384.5
87	21124.5
88	19378.0
89	17460.5
90	14168.0
91	9443.5
92	5950.0
93	4006.0
94	2832.0
95	2438.5
96	2417.0
97	1258.0
98	54.5
99	10.0
100	10.0
>>END_MODULE
>>Per base N content	pass
#Base	N-Count
1	0.011132024042822165
2	0.002232279227584392
3	8.224186627942497E-4
4	2.9372095099794627E-4
5	0.003465907221775766
6	0.0028784653197798738
7	2.937209509979463E-5
8	1.762325705987678E-4
9	0.0
10	0.0
11	0.0
12	0.0
13	0.0
14	0.0
15	0.0
16	0.0
17	0.0
18	0.0
19	0.0
20	3.717940662410616E-5
21	6.648109316816823E-4
22	0.0
23	0.0
24	0.0
25	0.0
26	0.0
27	0.0
28	0.0
29	0.0
30	0.0
31	0.0
32	0.0
>>END_MODULE
>>Sequence Length Distribution	warn
#Length	Count
15	178014.0
16	120221.0
17	122454.0
18	125273.0
19	168969.0
20	132543.0
21	153466.0
22	190394.0
23	281172.0
24	191199.0
25	131746.0
26	138659.0
27	117760.0
28	122665.0
29	160517.0
30	167147.0
31	362211.0
32	540182.0
>>END_MODULE
>>Sequence Duplication Levels	fail
#Total Duplicate Percentage	88.65787906263525
#Duplication Level	Relative count
1	100.0
2	16.092992489936837
3	8.503069365234296
4	5.5571240733420995
5	4.149491396904015
6	3.065331902845112
7	2.478885509853429
8	1.9061524437955262
9	1.6326925714101332
10++	17.94751829115813
>>END_MODULE
>>Overrepresented sequences	fail
#Sequence	Count	Percentage	Possible Source
CGCGACCTCAGATCAGACGTGGCGACCCGCTA	126418	3.7131615183258373	No Hit
GCATTGGTGGTTCAGTGGTAGAATTCTCGCCA	109058	3.2032619473934028	No Hit
GCATTGGTGGTTCAGTGGTAGAATTCTCGCA	88633	2.603336904980097	No Hit
CGCGACCTCAGATCA	66843	1.9633189527555723	No Hit
GCATTTGTGGTTCAGTGGTAGAATTCTCGCCA	42773	1.2563326237035157	No Hit
CGCGACCTCAGATCAGACGTGGCGACCCGCA	41393	1.215799132465799	No Hit
TACCTGGTTGATCCTGCCA	38196	1.1218965444317557	No Hit
GCATTTGTGGTTCAGTGGTAGAATTCTCGCA	34475	1.01260297856542	No Hit
CGCGACCTCAGATCAGACGTA	23684	0.6956487003435361	No Hit
CGCGACCTCAGATCAGACGTGGCA	21941	0.644453138584594	No Hit
CTCTCGGCGCCCCCTCGATGCTCTTA	21584	0.6339673006339673	No Hit
GCATTGGTGGTTCAGTGGTAGAATTCTCGCTA	19920	0.5850921343879091	No Hit
TCAGTGCACTACAGAACTTTGTA	19467	0.571786575307702	No Hit
GCATTGGTGGTTCAGTGGTAGAATTCTCGA	19415	0.5702592263625127	No Hit
CGCGACCTCAGATCAGACGTGGCGACCCGCCA	18954	0.5567186905215074	No Hit
TCCCTGGTGGTCTAGTGGTTAGGATTCGGCGA	18703	0.549346294651459	No Hit
CTCTCGGCGCCCCCTCGATGCTCTA	16834	0.4944498489099428	No Hit
GCATTGGTGGTTCAGTGGTAGAATTCTCA	14404	0.42307565781744183	No Hit
TCCCTGTGGTCTAGTGGTTAGGATTCGGCGA	13832	0.4062748194203593	No Hit
TACCTGGTTGATCCTGCA	13227	0.3885047018849836	No Hit
CGACTCTTAGCGGTGGATCA	12775	0.3752285148998764	No Hit
GCATTGGTGGTTCAGTGGTAGAATTCTCGTA	12392	0.3639790024766551	No Hit
CGACTCTTAGCGGTGGATA	11982	0.35193644348573927	No Hit
TCCCTGGTGGTCTAGTGGTTAGGATTCGGA	10787	0.31683678984148467	No Hit
CGCGACCTCAGATCAGACGTGGCGACCCA	10459	0.307202742648752	No Hit
TACCCTGTAGATCCGAATTTGTA	10456	0.30711462636345266	No Hit
TCCCTGGTGGTCTAGTGGTTAGGATTCGGCA	10356	0.3041774168534732	No Hit
CGCGACCTCAGATCAGACGA	10293	0.3023269748621861	No Hit
TACCCTGTAGAACCGAATTTGTA	9961	0.29257543928905433	No Hit
TGGACGGTGTGAGGCCA	9677	0.2842337642807126	No Hit
GCATGGGTGGTTCAGTGGTAGAATTCTCGCCA	9648	0.28338197352281863	No Hit
TAGCTTATCAGACTGATGTTGAA	9182	0.2696945772063143	No Hit
TTCAAGTAATCCAGGATAGGCTA	9157	0.2689602748288194	No Hit
CGACTCTTAGCGGTGGATCACTA	9139	0.26843157711702315	No Hit
TGAGATGAAGCACTGTAGCTCTA	8259	0.24258413342920387	No Hit
CGACTCTTAGCGGTGA	8196	0.24073369143791679	No Hit
TGAGGTAGTAGATTGTATAGTTA	8113	0.23829580754463386	No Hit
GCATTGTGGTTCAGTGGTAGAATTCTCGCCA	8062	0.23679783069454433	No Hit
GCATTGGTGGTTCAGTGGTAGAATTCTCGCAA	7998	0.23491801660815745	No Hit
CGACTCTTAGCGGTGGATCACTCGGCTA	7984	0.23450680727676032	No Hit
TGAGATGAAGCACTGTAGCTCA	7898	0.231980807098178	No Hit
GCATTTGTGGTTCAGTGGTAGAATTCTCGCTA	7887	0.23165771405208027	No Hit
TACCTGGTTGATCCTGCTA	7797	0.22901422549309872	No Hit
TCCCTGTGGTCTAGTGGTTAGGATTCGGA	7768	0.22816243473520467	No Hit
GACTCTTAGCGGTGGATCACTCGGCTCA	7745	0.2274868765479094	No Hit
TCCCTGTGGTCTAGTGGTTAGGATTCGGCA	7505	0.22043757372395867	No Hit
GCATGGGTGGTTCAGTGGTAGAATTCTCGCA	7400	0.21735350373848025	No Hit
AGAAGACGGTCGAACTTGACTATCTA	7342	0.2156499222226922	No Hit
GCATTTGTGGTTCAGTGGTAGAATTCTCGA	7206	0.2116553172891201	No Hit
TAGCTTATCAGACTGATGTTGA	7052	0.20713201464375172	No Hit
CGCGACCTCAGATCAGAA	6902	0.20272620037878253	No Hit
CGCGACCTCAGATCAGACGTGGCGACCCGCAA	6749	0.19823226982851397	No Hit
GCATTGTGGTTCAGTGGTAGAATTCTCGCA	6728	0.19761545583141826	No Hit
GACTCTTAGCGGTGGATCACTCGGCTA	6309	0.18530854798460433	No Hit
CGCGACCTCAGATCAGACGTGGCGACCCGCGA	6282	0.18451550141690987	No Hit
GAGAAGACGGTCGAACTTGACTATCTA	6281	0.18448612932181008	No Hit
TGGAAGTCGGAATCCGCTAAGGAGTGA	6235	0.1831350129472195	No Hit
CGACTCTTAGCGGTGGATCACTCGGCTCA	6224	0.18281191990112178	No Hit
CGACTCTTAGCGGTGGATCACTCGGCA	6019	0.17679064040566386	No Hit
TACCTGGTTGATCCTGCCAA	5877	0.17261980290149304	No Hit
AACCCGTAGATCCGATCTTGTA	5761	0.16921263986991686	No Hit
CGCGACCTCAGATCAGACGTGGCGACCCGTA	5444	0.15990168572328198	No Hit
TGAGGTAGTAGTTTGTACAGTTA	5375	0.15787501116139613	No Hit
GCATTTGTGGTTCAGTGGTAGAATTCTCA	5353	0.15722882506920063	No Hit
CGACTCTTAGCGGTGGATCACTCA	5329	0.1565238947868056	No Hit
GACTCTTAGCGGTGGATCACTCGGCA	5150	0.15126628976394235	No Hit
TACCTGGTTGATCCTA	5067	0.1488284058706594	No Hit
TAATACTGCCTGGTAATGATGA	5034	0.14785912673236618	No Hit
CGCGACCTCAGATCAGACGTGA	4773	0.14019300991131978	No Hit
GCATTTGTGGTTCAGTGGTAGAATTCTCGTA	4727	0.1388418935367292	No Hit
CGCGACCTCAGATCAGACGTGGCGACCCGA	4691	0.13778449811313662	No Hit
TGGAAGTCGGAATCCA	4668	0.13710893992584133	No Hit
CTCTCGGCGCCCCCTCGATGCTCA	4615	0.13555221888555222	No Hit
TAGCTTATCAGACTGATGTTGACA	4504	0.132291916329475	No Hit
CGACTCTTAGCGGTGGATCACTCGA	4397	0.129149102153797	No Hit
GACTCTTAGCGGTGGATCACTCA	4237	0.12444956693782984	No Hit
TAATACTGCCGGGTAATGATGGAA	4225	0.1240971017966323	No Hit
CTCCTACTTGGATAACTGTGGTAA	4044	0.11878075258356947	No Hit
TTAAGCAGGAGGTGTCAGAAAAGTTACCA	4012	0.11784084554037606	No Hit
TCGGAGGTTCGAAGACGATCA	3896	0.11443368250879987	No Hit
TGGAAGTCGGAATCCGCTAAGGAGTA	3797	0.1115258450939202	No Hit
CTCCTACTTGGATAACTGTGGTAATTA	3722	0.1093229379614356	No Hit
TACCTGGTTGATCCA	3645	0.10706128663875143	No Hit
GCATTGTGGTTCAGTGGTAGAATTCTCGCCTA	3640	0.10691442616325246	No Hit
ACCCTGTAGATCCGAATTTGTGA	3586	0.10532833302786355	No Hit
CGCGACCTCAGATCAGACGCA	3499	0.10277296075418142	No Hit
CGCGACCTCAGATCAGACA	3493	0.10259672818358265	No Hit
>>END_MODULE
>>Kmer Content	fail
#Sequence	Count	Obs/Exp Overall	Obs/Exp Max	Max Obs/Exp Position
TCAGA	868025	13.9948845	154.57864	8
GTGGT	1318180	12.958001	132.15846	15
CGACC	741375	11.147544	185.45285	23
AATTC	540440	10.536683	400.63794	22
GATCA	618670	9.974616	143.84055	11
ATTCT	522125	9.588214	408.93793	23
GAATT	584785	9.47512	310.8075	21
TAGAA	549200	9.447397	260.1908	19
TGGTT	780440	9.277312	117.920364	8
GCGAC	730640	9.130123	142.44939	22
AGAAT	521645	8.973394	297.3209	20
TTCTC	510455	8.785695	410.74152	24
ACCTC	463015	8.418905	164.22858	5
CCTCA	459695	8.35854	164.01184	6
TCAGT	547470	8.313889	157.55673	12
GTAGA	614055	8.22766	187.12648	18
GTTCA	541245	8.219356	148.79282	10
TTCAG	518195	7.8693185	148.4778	11
AGATC	484480	7.811114	143.89459	10
TCTCG	544150	7.7449374	349.53375	25
TGGTA	613330	7.7405195	158.93289	16
GCATT	476750	7.2399335	149.27348	1
CAGAT	446765	7.203047	144.95537	9
CAGTG	568120	7.1345177	135.01984	13
CTCAG	466410	7.047911	136.47864	7
GACCT	465755	7.0380135	136.08015	4
AGTGG	670670	6.999474	134.06177	14
GGTTC	582105	6.8854547	116.65715	9
ATCAG	398175	6.419646	125.35488	12
CAGAC	386085	6.1939645	131.26717	14
CTCGC	433710	6.1425323	347.0875	26
GGTAG	587635	6.132876	137.60681	17
CGCGA	480600	6.005608	111.806885	1
AGACG	434655	5.7951202	112.34774	15
CATTG	371445	5.6407695	110.11522	2
ACTCT	289245	5.285399	42.77145	3
GGTGG	640890	5.209877	70.66879	6
TCTTA	274555	5.0418806	42.79305	5
CTCTT	270535	4.6563125	40.151127	4
TTGGT	381295	4.532562	80.85947	4
ATTGG	354745	4.4770517	84.267136	3
GACCC	293135	4.4076686	195.3338	24
ACCCG	286435	4.306925	201.70924	25
TGGTG	434765	4.273836	78.671196	5
GACGT	339665	4.265553	106.89772	16
GACTC	280765	4.242634	35.20798	2
CCCGC	296115	4.173084	206.2039	26
ACGTG	317570	3.9880812	103.20352	17
GGCGA	366465	3.805728	109.90501	21
CTTAG	241130	3.661804	35.506016	6
TGGCG	370225	3.6214101	93.65359	20
CGCTA	239135	3.6135635	348.22635	28
CGTGG	360765	3.5288754	84.216354	18
CGCCA	230515	3.4660947	395.859	28
GTGGC	351475	3.4380045	89.288765	19
TGGAT	271270	3.4235573	28.217852	14
CCCTG	240650	3.4082692	37.29027	2
TTTGT	228080	3.2786052	37.81555	4
TTAGC	213825	3.24715	35.2616	7
TCGGC	268600	3.1614475	29.508745	26
CCTGG	267675	3.1505601	40.930416	3
TGTGG	320450	3.1500945	26.98503	6
TCGCC	219880	3.114108	199.57498	27
CGACT	202720	3.0632973	35.101254	1
ATTTG	191555	2.9234028	39.93714	3
CGGTG	290330	2.8399053	23.57767	11
GATCC	186735	2.8217485	39.38714	10
GTGGA	270230	2.8202665	24.331184	13
CCGCT	195290	2.7658463	155.43758	27
TCGCA	179205	2.7079625	188.728	27
TAGCG	215140	2.7017534	29.187304	8
ATCAC	137130	2.660343	34.061523	17
AGCGG	255040	2.6485827	24.399786	9
CTGGT	223495	2.64362	40.73312	4
TGATC	168090	2.5526178	32.929127	9
ATCCT	139205	2.543705	36.940956	11
TCACT	138830	2.5368526	33.075706	18
CATTT	130970	2.4051106	47.730095	2
TTGTG	199165	2.3675306	31.30899	5
GCGGT	241555	2.3628054	24.362669	10
GGATC	186730	2.3449771	24.803246	15
CCCCC	135980	2.305896	20.92854	10
ACCTG	147825	2.2337801	33.28901	2
CCTGT	156315	2.2248461	18.757278	3
TTGAT	145340	2.218096	33.29736	8
CACTC	120965	2.1994815	29.201252	19
CGGCG	225455	2.1944237	16.754435	27
CTCGA	141875	2.1438699	40.12945	26
CTCGG	181725	2.1389205	18.736694	21
TCCCT	124690	2.135497	38.422672	1
AACGA	123350	2.1113951	6.0548744	2
AACTG	129615	2.0897405	10.451473	14
AGGAT	155305	2.080916	34.93963	21
AACTT	104890	2.044987	15.481646	15
TCTAG	134240	2.0385706	20.81995	11
TACCT	110565	2.0203638	40.181343	1
GGATT	159905	2.0180776	35.289936	22
GTTGA	159890	2.0178888	27.828876	7
CTGTA	131985	2.004326	13.029581	5
CTCTC	116675	1.9982284	21.567663	1
TCGGA	158300	1.9879497	10.737403	26
GAACT	121820	1.9640644	13.451649	14
CCCTC	113520	1.9345877	22.24994	12
CTAGT	127160	1.9310539	20.295301	12
GGTTA	152565	1.9254436	23.446835	17
GATTC	126375	1.919133	45.281433	23
GTCTA	126105	1.9150326	20.449247	10
ACTGT	124275	1.8872422	10.568127	12
TAGGA	139785	1.8729649	31.783924	20
AATCC	95745	1.8574677	14.286559	11
ATAAC	89690	1.8564945	10.981972	12
TCGAA	111810	1.8026762	7.189737	27
TAGTG	142755	1.8016365	19.67404	13
GTAAT	109770	1.7785748	11.446442	13
ATTCG	115130	1.748366	44.82222	24
TCCTG	122635	1.7454755	28.816622	12
ACTTG	114420	1.7375839	7.729352	6
AGAAC	101330	1.7344766	12.603206	13
TCCGA	113500	1.715096	8.563248	11
CTGTG	144675	1.7112944	12.444132	4
TGGAA	127555	1.7090964	11.517159	1
AAGAC	99440	1.7021251	6.3060164	12
CCCCT	99090	1.6886742	20.912846	11
GAGGT	161565	1.6861795	10.8860445	2
CTGCC	118655	1.6804825	20.587774	14
GTCGG	170920	1.671879	9.24708	6
ATCCG	110405	1.6683275	10.2152605	12
TAACT	85020	1.6575917	12.034588	13
GAAGA	115955	1.649498	5.763223	11
GCTCT	115105	1.6383002	25.109741	20
TGGTC	138465	1.6378393	16.39535	8
GATAA	92270	1.5872386	9.083249	11
TTGGA	125075	1.5785066	6.7883053	8
TTGTA	103115	1.5736822	21.36008	19
CCTGC	110820	1.5695175	28.109118	13
ACTCG	103480	1.563684	24.405777	20
GGTCT	132165	1.5633194	16.164825	9
AAGTC	96630	1.557934	12.611927	4
GTTAG	122965	1.5518773	24.044592	18
GGATA	115530	1.5479747	8.05966	14
TCTCA	84440	1.5429792	32.53319	25
GGAAT	115070	1.5418112	10.896114	9
TTCGA	99875	1.5167034	6.900219	8
TTAGG	119650	1.5100403	25.99206	19
ATGCT	99190	1.5063009	26.37231	18
TCGAT	99085	1.5047064	21.851387	15
CGAAT	92445	1.4904606	18.367153	14
CCGAA	92205	1.4792455	14.642531	13
CAGAA	86370	1.4784045	11.949836	12
TTCGG	123555	1.4614757	34.98584	25
CTACT	78990	1.4433911	9.149667	4
GGCGC	147225	1.4329869	12.035329	6
TGTAG	112710	1.4224542	11.092457	6
TCCTA	77380	1.4139714	9.1346855	2
CGATG	112130	1.4081417	19.192661	16
AATTT	71570	1.402293	20.232412	16
CCTAC	76070	1.383165	9.070216	3
GCCCT	97425	1.3798074	5.3182945	4
CCTCG	97360	1.3788867	18.864578	13
CGCCC	96955	1.3663654	17.474089	8
GTAGT	108230	1.3659145	12.658423	5
TGCCA	90230	1.3634635	22.803055	15
GGTTG	138550	1.3619772	21.642815	6
GGTAA	101590	1.361194	11.291233	12
ACCCT	74525	1.3550725	15.165124	2
AAGCA	78410	1.3421524	10.573467	8
CACTA	69100	1.3405505	11.341458	7
GCCCC	93695	1.320423	17.164003	9
GCGCC	112365	1.3160115	15.177239	7
TAATT	66410	1.3011914	8.568851	22
CGGAG	124970	1.2978095	6.1440096	10
GAATC	79275	1.2781252	12.565525	10
GAAAA	69945	1.2774138	8.280001	18
AGACT	78845	1.2711924	12.386476	10
TCGCT	89110	1.2683109	41.742428	27
GAAAC	73795	1.263157	6.6055417	20
AGTCG	100445	1.2614001	9.798546	5
TGATG	99505	1.255801	9.193276	14
ACTGA	77740	1.2533767	10.1899185	12
AAAAG	68450	1.2501104	8.447796	19
CGGCT	106165	1.2495722	16.14188	23
TACTT	67970	1.2481893	9.181621	5
TGGAC	99155	1.2452002	6.738805	1
CCGCC	87475	1.2327659	23.512703	27
CGGAA	91105	1.2146747	10.437204	8
GCTCA	78960	1.1931627	7.325244	24
ACGAA	69530	1.1901524	5.138234	3
TAGAT	73410	1.189443	8.180408	7
ACTGC	78645	1.1884028	12.013667	5
CTCTA	64725	1.1827255	14.95072	21
AAAGT	68605	1.1801506	8.436956	20
AAACT	56980	1.1794298	8.590815	21
GGCTC	99535	1.1715363	12.244876	23
TGAGG	112070	1.169623	10.253631	1
GATGA	86720	1.1619525	8.341768	4
CCGCG	98685	1.1557922	6.615256	27
TGCTC	81195	1.1556561	25.503963	19
GCACT	76120	1.1502476	9.232919	10
TGAGA	84920	1.1378344	9.429385	1
AGAAA	61260	1.1187986	8.949315	17
TGTGA	88435	1.1160922	5.1408124	8
TGGCA	88390	1.1100119	11.448571	20
TAGCT	72970	1.1081237	11.1442995	16
ACTTT	60275	1.1068797	14.0754	16
CAGGA	82745	1.1032134	7.2859416	12
AATGA	64125	1.1030852	12.348281	15
GATGC	86570	1.0871562	19.950182	17
CTGAT	71375	1.0839019	9.560366	13
CTTTG	75575	1.0810077	11.418553	17
TGACT	70860	1.0760812	7.4033413	17
AGTAG	80255	1.0753287	13.288172	7
GCTAA	66045	1.0648221	11.0277815	16
TAGTA	65620	1.0632237	15.874065	6
CCGCA	70235	1.0560751	63.406208	27
TACAG	63585	1.0251603	9.658511	10
CTTGG	85285	1.0087974	6.22602	7
ATGAA	58415	1.0048611	10.478821	5
GACTG	78425	0.9848704	7.570479	11
GAACC	60830	0.97589624	7.3366704	10
AGGAG	87375	0.96813726	9.169959	20
AAGAA	52945	0.9669407	6.2689495	18
TCCGC	67845	0.9608727	9.029964	13
GACTA	59415	0.9579288	8.228364	18
GGCTA	76165	0.956489	6.2333665	24
ATTGT	62595	0.9552891	9.304703	3
AGCTC	63175	0.954636	10.602231	17
TACCC	52395	0.9526874	15.227183	1
AGTTA	58545	0.94858944	11.003094	19
AGGTA	70725	0.9476371	13.374704	3
GGACG	91150	0.94659	5.5233064	2
TTGAC	61895	0.9399385	7.0180492	16
GAAGT	69620	0.9328313	10.519225	3
AATAC	44980	0.93104166	13.093121	2
CGGTC	78020	0.9183028	5.136341	3
TTGAA	56125	0.90937877	6.371449	19
CTCCT	52845	0.90504724	8.657215	1
GATGT	71615	0.9038156	9.564915	15
CAAGT	55630	0.8969044	7.9141746	3
CGAAG	67180	0.89569014	5.253516	10
GCGGA	85840	0.89144576	5.2583675	9
CGTCC	62005	0.8781621	5.123587	7
CTTGA	57540	0.8738034	7.099995	15
CCCGA	58045	0.8727825	7.4523473	26
TGAAG	64980	0.8706605	8.324641	6
GCATG	68915	0.86544263	7.75206	1
ATGAT	53255	0.86287683	11.95703	16
TAATA	40765	0.84798557	13.457711	1
CCCGT	59765	0.8464376	6.4580345	26
GAAGC	63420	0.8455592	8.55985	7
GGAAG	76165	0.84392756	8.920916	2
CTACA	43185	0.8377956	11.406483	9
TACTG	54600	0.82915646	9.494153	4
TAGTT	53975	0.8237356	6.5929775	18
AACTA	39485	0.81730056	9.245119	22
ACTAC	41825	0.8114114	11.361784	8
CTGCA	53085	0.80216616	7.198642	14
TTAAG	49490	0.8018735	6.0595245	1
AAGTA	46035	0.7918991	8.413349	4
TCGTA	51835	0.7871671	29.151575	27
AAGGA	54935	0.78146845	11.190026	19
TATCA	39995	0.7797622	10.989563	6
TGTAA	47785	0.7742479	5.3532314	1
CTAAG	47785	0.770422	11.017454	17
TGGGT	77860	0.76538104	6.161211	4
TGTTG	64380	0.76530325	8.375229	17
ACGAC	47515	0.7622835	5.4830914	5
ATCCA	39030	0.75718796	7.5264087	9
CTCGT	53050	0.7550657	27.491682	26
CACTG	48960	0.7398335	9.267748	11
AAAGA	40055	0.7315292	6.1700077	17
TTCAA	37280	0.72682923	10.214805	1
GTAGC	57685	0.724415	9.212097	15
CGGCA	57790	0.7221474	15.36506	27
TTATC	39210	0.7200457	10.436109	5
ATCTA	36550	0.7125968	7.986311	22
TGTCA	46860	0.71161675	5.7065883	13
TGCAC	46825	0.70757157	8.842427	5
CTCAA	36340	0.70500153	8.2905	26
ACAGA	41160	0.7045401	10.768924	11
TTTTC	39850	0.68928415	5.129444	24
TAATG	41180	0.66722876	11.562618	14
ATACT	33860	0.6601512	12.105341	3
ACTAT	33690	0.6568368	7.226589	19
CGATA	40650	0.6553868	5.9620056	1
AGCAC	40050	0.64252245	9.941902	9
GTATA	39385	0.6381449	7.9614964	15
CTATC	34835	0.636543	7.6322403	20
TAAGG	47085	0.6308871	9.649918	18
TATAG	38680	0.6267219	8.261416	16
GTGCA	49550	0.6222547	7.8722687	4
GCTTA	40730	0.61852634	8.62864	3
TACGA	38015	0.6129035	5.537356	4
GCTCG	51355	0.6044532	8.042947	25
AGTGC	47950	0.6021617	7.978893	3
CTAAC	30865	0.5987857	5.3747177	24
GAGAT	44645	0.5981938	8.248013	2
ACGTA	37045	0.5972645	11.923769	17
AACCG	37040	0.59423304	6.8509207	11
AGATG	44270	0.5931693	8.274432	3
CCAGG	47330	0.5914387	5.430514	11
GGAGT	56300	0.5875772	8.840597	21
CATGG	46590	0.5850827	7.5554447	2
AGTAA	33970	0.58435565	8.301592	5
AAGTT	35860	0.58103025	8.046398	21
TCTCC	33880	0.58024406	5.541766	1
ATGGG	55205	0.5761491	6.8922772	3
TCAAG	35515	0.5725968	8.586764	2
CAGTA	35350	0.5699366	5.2901754	18
AAACA	25670	0.5641165	7.0433416	4
TAATC	28930	0.56403345	7.6475415	7
AGCTT	37140	0.56400865	8.683007	2
GATAC	34860	0.56203645	5.970023	2
ATAGG	41340	0.55391043	8.164401	16
TATCT	30125	0.5532103	6.9855533	21
TGTAT	36070	0.55047977	9.7344885	14
CTTAT	29870	0.54852754	10.4207325	4
TAAGC	33905	0.54663926	5.6591887	2
CGCAA	34015	0.54570293	44.019005	28
ATGTT	35385	0.54002565	10.693693	16
ACCCA	27540	0.5316401	15.855358	25
CGTGA	42145	0.52926177	5.7760005	28
TTCTA	28405	0.52162457	6.089641	24
AACCC	26980	0.5208297	5.682103	1
AGATT	32000	0.5184877	6.2723727	10
TAAAC	24960	0.5166474	6.692749	3
TACCA	26495	0.51400703	8.498558	25
AACAT	24160	0.5000882	6.6818566	5
ATACG	30770	0.4960947	5.5458345	3
AGGCT	38570	0.48436663	5.028179	18
CCGTA	31950	0.48279575	7.2399464	27
GAGTG	45920	0.4792459	6.567646	22
GTAAA	27790	0.4780466	5.639746	2
TCCAG	30915	0.46715587	6.098286	10
ACCGA	28630	0.4593113	6.5611043	12
TTACC	24845	0.45399484	7.278203	24
GGGTG	55540	0.45149177	5.0720263	5
ACTAA	21740	0.44999656	5.5931087	23
ATCTT	23855	0.4380691	5.6848693	15
TGACA	26795	0.4320071	5.849493	20
AGTTT	27845	0.42495453	5.3739386	10
GGCAA	31215	0.41617993	5.138077	28
GATAG	31020	0.4156339	7.7089415	15
ATTTT	22030	0.40656412	5.1255255	23
ACATC	20230	0.39246508	6.237976	6
ATAGT	23755	0.38489604	8.710375	17
TCGTG	31745	0.37549707	5.212427	26
TAGGC	28860	0.36242723	6.153743	17
GTTAC	23495	0.35679546	7.4406977	23
CATCC	19300	0.3509279	5.8559046	7
GCGCA	27345	0.34170482	5.7392135	28
GCCTA	17775	0.26859763	8.475815	28
ACTTA	12825	0.2500425	6.226898	28
>>END_MODULE
