	MS28F1_sample2	MS28F1_sample3	MS28F1_sample4	MS28F1_sample5	MS28F1_sample6	MS28F1_sample7	MS28F1_sample8	MS28F1_sample9	MS28F1_sample11	MS28F1_sample14
mmu-miR-148a-3p	35522	27241	36297	40038	29052	47471	35837	37572	41957	36834
mmu-miR-143-3p	32071	27351	24740	26962	38587	35202	23819	39355	52417	67098
mmu-miR-10a-5p	29271.5	25004.5	17640	22068	14358.5	20096.5	24058	30435.5	43290.5	36672.5
mmu-miR-21a-5p	23567	25348	16786.5	20064.5	13283.5	19295	20128	21150.5	37625	29950
mmu-miR-10b-5p	22403.5	17463.5	12212	16918	10829	15615.5	17866	19918.5	32064.5	27535
mmu-miR-26a-5p	20636	17441	14355	19576.5	14132	17650	19417.5	27570	35173	32887.5
mmu-miR-200b-3p	16192	15777	9625.5	16878.5	8351	14802.5	14006	15631	30532	21558.5
mmu-miR-99a-5p	13986	10858.5	13140	19485.5	11884	14466	16664.5	18119.5	24539.5	21579.5
mmu-miR-200c-3p	13323	12273	8891.5	12732.5	7576	10532.5	10708	18783.5	28208	21734
mmu-let-7f-5p	12131.5	13856.5	8830.5	14187.5	7294	12969.5	13836.5	15122	22202.5	19682
mmu-let-7g-5p	7938	9715	5714.5	8470.5	5069.5	7777.5	8621.5	10729	15145	14020.5
mmu-miR-200a-3p	7114.5	6024	5653.5	5739.5	5155	6251.5	6028	6517	10070.5	8277.5
mmu-let-7c-5p	6407.91666666667	6390.75	4401	8005.5	4490.41666666667	6506.33333333333	7145.41666666667	11011	13761.3333333333	12177.5
mmu-let-7i-5p	4987	5935.5	4628.5	4907	3424.5	4968.5	4109	7660	9151.5	9131
mmu-miR-199a-3p|mmu-miR-199b-3p	4504	3812	3800	4687	2708	3349	4139	5066	8000	7469
mmu-miR-26b-5p	4373	4496	2959	4682.5	3321	4552	4865.5	5404	8097	7521.5
mmu-miR-29a-3p	3947	3832.5	2846.5	3011.5	3300	3587	3442.5	5832.5	7188.5	5645.5
mmu-miR-30d-5p	3876	4506.5	3216	3218	2569	3159	2924	5776	6805	5925.5
mmu-miR-191-5p	3841	4525	2475	3917	2715	3338	4142	5443	8698	6564
mmu-miR-30a-5p	3825	4380.5	3638.5	3084.5	3158.5	3496	2851	5081	4834.5	5485.5
mmu-miR-34c-5p	3333	1967	2479	1445	2195.5	2129	1682.5	2009.5	2912	2814
mmu-let-7a-5p	3184.16666666667	4260.66666666667	2186.33333333333	4359.66666666667	2123.33333333333	3710.66666666667	4274.66666666667	5608	7622.75	7111.83333333333
mmu-let-7b-5p	2164.75	2155.75	1468	2484.5	1534.75	1990.5	2194.25	3783	4994.83333333333	3951.66666666667
mmu-miR-23a-3p	2013.5	1819	1181.5	1634	1333.5	1417.5	1611	1782.5	3623	2688
mmu-miR-145a-5p	1622	1457.5	958	1554	1857	1415	1424	1941.5	3663	3388.5
mmu-miR-146a-5p	1586	1521.5	1208	1267	901.5	1085	1850	2086	2762.5	1947.5
mmu-miR-23b-3p	1394.5	1156	880.5	1316	1097	1133.5	1264	1717.5	2831	2512
mmu-miR-92a-3p	1363	1107	898	970	707	711	746	1708	2657	2078
mmu-miR-30b-5p	1362.33333333333	1077.66666666667	992.333333333333	1193.5	986.333333333333	985.833333333333	1146.5	1023.5	2200.16666666667	1374
mmu-miR-221-3p	1322	1274	723	921	872	812	1031	1643	2696	2103
mmu-miR-152-3p	1294	1075	840	924	760	1032	883	1351	1945	1540
mmu-miR-27b-3p	1268	1284.5	1127	1133.5	982	1217.5	1193.5	1681.5	2105	2169
mmu-let-7d-5p	1227.5	1411.5	851	1802	934.5	1461.5	1638	2191	2818.5	2675.5
mmu-miR-881-3p	1189	863	1255	980	891	1185	1212	623	1098	1090
mmu-miR-34b-3p	1172	728	820	653	578	500	514	1055	2785	1429
mmu-miR-7a-5p	1102	604.5	516.5	575.5	498.5	616.5	499	1074	807	899.5
mmu-miR-100-5p	999	713.5	673	956.5	535.5	708	856.5	996.5	1563	1477
mmu-miR-182-5p	979	1129	768	937	671	1035	1019	1108	1867	1292
mmu-miR-183-5p	949	923	678	619	535	916	741	1069	1848.5	1085
mmu-miR-126a-3p	882	935	752	759	797	859	721	1386	1672	1835
mmu-miR-27a-3p	874.5	1110	817.5	1043.5	794	965.5	942.5	1675	1909	1789
mmu-miR-205-5p	779	703	367	518	454	414	475	1364	1722	1400
mmu-miR-1a-3p	774	1527	448	513	683	622	612	900	1353	1618
mmu-miR-25-3p	750	745	471	499	337	406	473	978	1624	1200
mmu-miR-429-3p	712	887	481	806	478	732	762	831.5	1618	1028.5
mmu-miR-16-5p	702	439	364	401	372	404	384	759	1395	783
mmu-miR-148b-3p	694	446	412	644	448	593	556	671	825	779
mmu-miR-141-3p	686	666.5	716.5	715.5	658.5	705.5	719	711	1149.5	983.5
mmu-miR-99b-5p	632	528	360	478	346	394	461	793	1095	1082
mmu-miR-22-3p	625	577	377	498	433	480	429	811	1145	785
mmu-miR-101a-3p	615	678	469.5	565.5	468	631	554.5	497.5	584	782.5
mmu-miR-30a-3p	606	518.5	376	535.5	372.5	449	600	469	744	763
mmu-miR-103-3p	546	588	392.5	478	330	380.5	444.5	849.5	1046	977
mmu-miR-199a-5p	531.5	613.5	583.5	669	576.5	782	753.5	681	780	974
mmu-miR-125a-5p	527	706	401	565	382	461	464	1257	1425	1361
mmu-let-7e-5p	509	393	296	407	283	371.5	423.5	657.5	822	824
mmu-miR-465c-5p	475.5	442.5	382	362.5	272.5	324	472	325	870	591
mmu-miR-196b-5p	419	349	303	490	330	383	394	605	686	828
mmu-miR-101a-3p|mmu-miR-101c	402	425.5	398.5	482.5	393	560.5	450.5	359	519	552.5
mmu-miR-210-3p	385	352	262	397	276	295	247	540	550	658
mmu-miR-340-5p	383	305	295	285	231	301	305	331	526	437
mmu-miR-150-5p	373	485	170	329	163	166	221	722	493	477
mmu-miR-465a-3p|mmu-miR-465b-3p|mmu-miR-465c-3p	372	266	227	255	220.5	221	233	305	666.5	470.5
mmu-miR-20a-5p	357.5	403	208	218	139	220	223	346	598.5	590
mmu-miR-883a-3p	355	327	183	248	232	241	238	322	643	546
mmu-miR-465b-5p	349.5	365.5	318	322.5	219	256	375	266.5	590	449
mmu-miR-140-3p	338	259	266	253	233	276	274	285	395	364
mmu-miR-425-5p	325	255	204	296	218	253	243	306	567	389
mmu-miR-378a-3p	324.666666666667	344.333333333333	246.833333333333	376.666666666667	239.333333333333	329.75	253.166666666667	378.5	434.833333333333	550.083333333333
mmu-miR-203-3p	318	244	162	195	153	176	173	300	424	391
mmu-miR-1839-5p	317	252	204	196	196	222	177	330	458	379
mmu-miR-98-5p	307	262	238	259	232	334	294	344	660	407
mmu-miR-101b-3p	301.5	264	274.5	254	215.5	326.5	255	250	362.5	416.5
mmu-miR-145a-3p	301	397	282	319	282	343	309	690	907	952
mmu-miR-30e-5p	296	299	309.5	258.5	283.5	292	241	344	365.5	448
mmu-miR-181a-5p	293	347	271	298	252	292	263	568	602	621
mmu-miR-31-5p	290	437	217	310	241	294	226	588	917	534
mmu-miR-375-3p	279	196	153	147	103	103	141	224	524	347
mmu-miR-184-3p	278	155	262	198	160	232	219	163	361	247
mmu-miR-676-3p	262	244	190	234	161	160	215	356	692	502
mmu-miR-34c-3p	261	164	174	130	136	155	180	204	521	278
mmu-miR-146b-5p	260.5	260	200	230.5	152.5	192	223.5	300.5	436.5	347.5
mmu-miR-151-3p	256	198	196	202	143	183	169	307	386	351
mmu-miR-96-5p	243	240	194	234	217	310	246	320	409	366
mmu-miR-93-5p	239	255	141	207	131	192	198	252	440	341
mmu-miR-423-3p	230	317	186	220	123	174	145	357	447	415
mmu-miR-374b-5p|mmu-miR-374c-5p	226	181.5	182.5	251.5	157.5	208.5	202	239	408	323.5
mmu-miR-652-3p	223	112	123	164	129	137	123	188	247	215
mmu-miR-10a-3p	223	289	176	246	153	204	284	291	431	355
mmu-miR-127-3p	220	156	192	288	130	114	159	273	352	371
mmu-miR-30e-3p	209	226.5	145	192.5	108.5	156	198.5	166.5	273	280
mmu-miR-320-3p	207	188	207	313	178	234	240	310	420	381
mmu-miR-743b-3p	207	186	142	178	124	145	183	132	392	271
mmu-miR-200a-5p	201	131	170	162	133	211	138	169	238	207
mmu-miR-185-5p	191	187	116	108	87	113	123	256	350	247
mmu-miR-196a-5p	188	139	141	247	116	159	224	283	366	342
mmu-let-7j	184.5	216	193	185.5	114.5	152.5	174	323	0.5	374.5
mmu-miR-133a-3p	183	433.5	98	121	227	124	109.5	241.5	317.5	385.5
mmu-miR-872-5p	181	180	176	173	138	146	176	134	256	201
mmu-miR-342-3p	179	130	82	111	89	86	128	167	291	188
mmu-miR-743a-3p	176	222	127	143	113	140	183	139	360	306
mmu-miR-186-5p	166	174	125	137	136	156	183	150	237	199
mmu-miR-3535	161	47	77	71	85	77	43	161	157	109
mmu-miR-17-5p	157.5	155	76.5	116	97	91.5	108	179.5	296.5	272
mmu-miR-423-5p	150	92	99	128	76	76	76	179	233	216
mmu-miR-379-5p	146	80	132	165	101	143	134	192	144	206
mmu-miR-29b-3p	145	139	118	108	115.5	115	118	203	263.5	231
mmu-miR-486a-5p|mmu-miR-486b-5p	140	123	117	146	187	95	115	328	350	424
mmu-miR-532-5p	138	147	107	121	93	97	128	150	204	203
mmu-miR-107-3p	137	148	113.5	122	114	111.5	106.5	232	272	275
mmu-miR-470-5p	130	81	132	97	77	69	84	118	200	157
mmu-miR-199b-5p	127.5	98.5	146.5	174	110.5	152	156.5	124	143	171
mmu-miR-19b-3p	126	148	73.5	74	62.5	63.5	91	106	271	179
mmu-miR-218-5p	124	126	155	140	128	141	145	156	195	212
mmu-miR-195a-5p	123	91	80	91	75	76	75	149	254	194
mmu-miR-34a-5p	122	97	52	68	82	88	67	173	157	144
mmu-miR-192-5p	121	164	123	140	95	134	167	126	219	191
mmu-miR-328-3p	121	123	84	112	57	70	82	207	252	228
mmu-miR-449a-5p	116	96	101	96	122	113	106	124	193	163
mmu-miR-128-3p	114	151	146	117	105	77	146	186	312	225
mmu-miR-501-3p	110	131	87	81	54	69	79	136	240	212
mmu-miR-187-3p	101	94	76	95	60	83	66	189	173	146
mmu-miR-744-5p	98	153	103	147	82	104	96	258	220	221
mmu-miR-106b-3p	97	137	94	88	66	81	77	124	207	172
mmu-miR-139-5p	97	121	80	108	74	56	97	154	206	205
mmu-miR-151-5p	97	80	51	74	64	49	54	107	183	141
mmu-miR-350-3p	96	96	100	69	85	69	76	73	146	88
mmu-miR-465a-5p	95.5	83.5	54	58	39.5	59	58	55	157	109
mmu-miR-871-5p	95	98	57	68	67	55	87	89	163	118
mmu-miR-194-5p	94	82	83	94	64	80	93	84	166	150
mmu-miR-339-5p	94	151	59	93	70	84	105	171	268	176
mmu-miR-200b-5p	93	62	36	58	48	46	47	89	153	91
mmu-miR-365-3p	88	101	37	76	60	67	67	104	171	122
mmu-miR-361-3p	88	82	68	85	51	63	61	110	204	148
mmu-miR-155-5p	87	115	56	79	45	87	59	153	186	130
mmu-miR-871-3p	86	69	62	41	41	38	67	88	135	121
mmu-miR-15b-5p	82	96	41	57	34	50	69	84	169	118
mmu-miR-10b-3p	82	92	70	105	57	103	113	122	171	144
mmu-miR-181d-5p	81	58.5	60	52.5	55.5	63	63	79	110.5	116.5
mmu-miR-471-5p	78	128	103	77	75	82	82	91	178	151
mmu-let-7d-3p	78	106	52	99	45	75	90	126	161	147
mmu-miR-878-5p	77	59	67	52	46	49	65	45	82	86
mmu-miR-181b-5p	76	99.5	69	62.5	63.5	55	62	111	138.5	152.5
mmu-miR-672-5p	71	44	34	28	38	37	43	74	152	97
mmu-miR-669c-5p	70	42	42	36	29	19	32	58	146	85
mmu-miR-9-5p	68	82	73	58	62	76	87	87	117	149
mmu-miR-434-3p	67	42	48	81	46	66	75	53	94	89
mmu-miR-223-3p	66	92	40	73	26	38	82	87	129	92
mmu-miR-690	66	91	84	105	54	101	84	201	206	168
mmu-miR-574-3p	65	31	50	59	32	63	54	83	117	101
mmu-miR-142a-3p	62	114	61	57	43	78	69	79	40	69
mmu-miR-29c-3p	60	54.5	40.5	30.5	39	51	33.5	74.5	87	70
mmu-miR-28a-3p	59	54	34	52	41	56	59	60	86	82
mmu-miR-142a-5p	59	84	43	67	36	47	68	96	91	74
mmu-miR-125b-2-3p	58	53	62	65	45	50	47	57	72	82
mmu-miR-455-5p	58	40	36	37	41	32	42	53	60	51
mmu-miR-345-5p	56	32	36	40	29	34	38	48	52	45
mmu-miR-28a-5p|mmu-miR-28c	53.5	37.5	26	50.5	31.5	33.5	40.5	66.5	97	76.5
mmu-miR-378c	52.1666666666667	49.8333333333333	46.3333333333333	63.6666666666667	38.8333333333333	41.25	43.1666666666667	63.5	71.8333333333333	93.5833333333333
mmu-miR-24-2-5p	52	59	77	66	61	85	88	63	85	93
mmu-miR-204-5p	51.5	43	44	64	35	38	43	85	124.5	109.5
mmu-miR-106b-5p	51	45	25	39	18	27	32	35	69	55
mmu-miR-224-5p	51	62	45	65	32	35	70	64	118	98
mmu-miR-30c-5p	50.5	78.5	45.5	76	56	69.5	103	66.5	111	101.5
mmu-miR-1198-5p	49	50	22	46	15	26	21	75	71	71
mmu-miR-126a-5p	49	50	43	54	55	42	53	73	109	123
mmu-miR-19a-3p	49	46	38.5	46	35.5	39.5	51	25	56	61
mmu-miR-30c-2-3p	49	55	32	34	36	30	44	40	63	42
mmu-miR-1843a-5p|mmu-miR-1843b-5p	48.5	36.5	39	36.5	31	39.5	33	42	54	49
mmu-miR-135a-5p	48	39	35	39	28	43	31	71	83	106
mmu-miR-324-3p	45	57	26	33	29	30	22	56	86	61
mmu-miR-463-5p	45	40	25	37	21	39	27	36	85	76
mmu-miR-883b-3p	44	23	22	33	26	23	24	42	84	52
mmu-miR-1981-5p	39	11	20	25	23	28	16	28	40	30
mmu-miR-122-5p	38	51	25	15	4	21	88	6	75	104
mmu-miR-471-3p	37	11	15	19	16	21	28	22	41	23
mmu-miR-345-3p	36	54	31	24	19	36	26	39	55	66
mmu-miR-411-5p	36	29	37	56	31	36	48	41	51	55
mmu-miR-340-3p	35	32	22	31	22	25	28	34	74	60
mmu-miR-31-3p	34	39	60	39	32	65	55	29	57	23
mmu-miR-1843b-5p	34	40.5	38	42.5	28	47.5	39	51.5	63	59.5
mmu-miR-497a-5p	34	16	19	24	25	19	17	33	50	31
mmu-let-7a-1-3p|mmu-let-7c-2-3p	32	53	31	42	20	32	45	65	103.5	90.5
mmu-miR-467a-5p|mmu-miR-467b-5p	32	31	21	35	25	34	23	45	51	43
mmu-miR-140-5p	32	56	41	42	33	40	51	52	61	47
mmu-miR-34b-5p	31	25	32.5	16	22.5	31	28.5	17.5	21	36
mmu-miR-541-5p	31	32	30	35	12	29	35	40	46	70
mmu-miR-374b-5p	31	16	20	24	24	36	27	23	36	30
mmu-miR-878-3p	30	27	33	16	26	18	15	36	68	31
mmu-miR-130a-3p	30	26	24	35	30	23	29	33	49	37
mmu-miR-3068-3p	29	18	10	13	11	13	14	35	33	25
mmu-miR-484	29	54	17	37	20	26	22	62	74	72
mmu-miR-467e-5p	28	22	11	10	10	13	17	22	32	19
mmu-miR-669a-3p|mmu-miR-669o-3p	27.3333333333333	26	30.3333333333333	19	19	23	16	18.8333333333333	41.3333333333333	23
mmu-miR-362-3p	26	26	17	17	20	29	34	26	33	38
mmu-miR-434-5p	25	36	46.5	57	22	39	39	35	52	60
mmu-miR-148a-5p	24	32	26	20	19	32	16	33	60	38
mmu-miR-425-3p	24	35	19	33	14	15	19	38	36	35
mmu-miR-22-5p	23	34	26	30	24	32	36	36	57	45
mmu-miR-382-5p	23	16	19	13	13	15	14	20	36	19
mmu-miR-671-5p	23	11	8	5	12	9	6	19	27	23
mmu-miR-18a-5p	22	11	4	13	15	11	6	9	24	17
mmu-miR-421-3p	22	20	23	17	10	21	21	18	42	32
mmu-miR-300-3p	22	17	28	26	22	27	14.5	26	17	19
mmu-miR-134-5p	21	19	18	30	13	19	13	23	35	26
mmu-miR-297a-3p|mmu-miR-297b-3p|mmu-miR-297c-3p	21	18	25	18	12	12	19	17	49	23
mmu-miR-381-3p	21	17	57	40	21	28	37.5	14	21	21
mmu-miR-214-5p	21	16	5	16	11	13	18	24	25	27
mmu-miR-743b-5p	20	20	20	20	13	15	12	12	28	22
mmu-miR-708-5p	20	25	9	9	7	10	17	38	31	9
mmu-miR-221-5p	20	18	9	12	11	8	11	22	19	28
mmu-miR-664-3p	20	20	8	12	14	14	17	20	32	20
mmu-miR-181c-5p	20	24	12	16	17	14	17	15	34	32
mmu-miR-133b-3p	19	39.5	12	13	20	9	10.5	18.5	19.5	29.5
mmu-miR-3970	18.5	20	21.5	30	17.5	24	23	42.5	24	42
mmu-miR-149-5p	18	9	10	13	10	11	6	32	38	35
mmu-miR-409-3p	18	15	14	12	3	15	7	16	46	31
mmu-miR-125b-5p	17	25	7	26	8	14	15	47	42	58
mmu-miR-92b-3p	17	7	10	9	10	6	4	23	30	28
mmu-miR-132-3p	17	5	16	15	9	15	8	20	13	14
mmu-miR-329-5p	16	13	15	10	8	6	10	20	21	23
mmu-miR-674-3p	16	16	14	9	9	10	17	19	16	26
mmu-miR-451a	16	17	18	35	23	22	11	18	38	23
mmu-miR-467a-3p|mmu-miR-467d-3p	15.3333333333333	14	15.6666666666667	13	9	16	8.33333333333333	17	23	23.8666666666667
mmu-miR-330-5p	15	8	14	17	13	9	7	17	25	25
mmu-miR-495-3p	15	4	13	6	3	6	14	7	13	13
mmu-miR-351-5p	15	17	7	7	13	10	7	21	29	37
mmu-miR-331-3p	15	15	13	14	10	11	15	18	16	23
mmu-miR-30b-3p	14	4	9	14	3	8	13	13	9	4
mmu-miR-125b-1-3p	14	4	8	4	7	5	8	14	11	20
mmu-miR-369-3p	13	13	5	11	14	13	13	9	19	23
mmu-miR-326-3p	13	14	22	14	11	10	17	26	24	21
mmu-miR-598-3p	13	14	9	17	6	12	13	7	20	23
mmu-miR-743a-5p	13	30	27	29	24	19	21	30	43	44
mmu-miR-190b-5p	13	16	10	13	6	11	6	11	23	13
mmu-miR-676-5p	13	8	6	5	5	8	2	6	17	21
mmu-miR-15a-5p	13	12	8	6	20	8	16	12	39	19
mmu-miR-181c-3p	13	9	3	10	7	6	4	5	15.5	8
mmu-miR-141-5p	13	4	3	17	12	10	3	7	13	8
mmu-miR-222-3p	13	11	8	10	11	6	13	19	31	30
mmu-miR-669a-5p|mmu-miR-669p-5p	12.5	7	18	17	10	5	11	32	39.5	33
mmu-miR-30d-3p	12	11	12	11	10	9	15	6	19	13
mmu-miR-615-3p	12	13	10	15	16	13	13	36	41	31
mmu-miR-24-3p	12	6	11	9	5	6	6	17	16	18
mmu-miR-195a-3p	12	4	5	6	1	2	1	4	7	10
mmu-miR-466a-3p|mmu-miR-466b-3p|mmu-miR-466c-3p|mmu-miR-466e-3p|mmu-miR-466p-3p	11.8333333333333	11.5	10.6666666666667	6	7.16666666666667	7.5	12.1666666666667	11.5	18.3333333333333	19.1666666666667
mmu-miR-324-5p	11	8	7	4	7	6	6	7	16	12
mmu-miR-362-5p	11	15	9	4	9	11	8	16	23	17
mmu-miR-3068-5p	11	19	4	11	13	13	8	15	27	27
mmu-miR-214-3p	11	11	8	9	7	4	9	16	24	14
mmu-miR-29c-5p	10	16	14	6	17	17	14	6	6	6
mmu-miR-296-5p	10	15	5	8	12	3	7	15	43	32
mmu-miR-335-5p	10	12	9	9	11	8	15	13	40	17
mmu-let-7b-3p	10	7	10	17	0	7	9	10	22	22
mmu-miR-337-5p	10	10	9	13	10	14	9	23	16	20
mmu-miR-674-5p	10	10	7	8	7	4	3	12	11	14
mmu-miR-574-5p	10	2	6	2	3	4	4	12	10	10
mmu-miR-500-3p	10	13	4	11	10	6	5	8	21	11
mmu-miR-1839-3p	10	9	8	11	12	12	8	13	11	18
mmu-miR-7b-5p	10	5.5	5.5	3.5	2.5	4.5	3	5	5	7.5
mmu-miR-467c-5p	9	12	11	3	4	10	7	6	26	13
mmu-miR-1249-3p	9	11	7	9	6	9	7	23	20	33
mmu-miR-511-3p	9	9	2	4	6	6	6	11	19	10
mmu-miR-450a-5p	9	12	7	11	4	6	9	10	23	16
mmu-miR-32-5p	9	13	17	15	17	20	16	14	28	25
mmu-miR-741-5p	9	8	6	11	5	5	7	8	16	10
mmu-miR-455-3p	9	4	4	16	7	12	11	13	19	26
mmu-miR-1306-5p	9	7	2	5	5	2	2	9	6	11
mmu-miR-136-3p	9	5	14	9	6	5	6	10	17	14
mmu-miR-28a-5p	9	8	6	7	7	8	7	14	19	15
mmu-miR-872-3p	9	18	9	11	9	15	18	12	23	19
mmu-miR-27b-5p	9	11	7	4	1	3	2	11	15	10
mmu-miR-9-3p	9	12	9	10	9	10	15	7	23	10
mmu-miR-494-3p	9	3	0	6	0	7	6	8	7	10
mmu-miR-466d-3p	8.54761904761905	14	15.1666666666667	7.5	11.8666666666667	11.7649572649573	11.3333333333333	5.07692307692308	23.8205128205128	16.2435897435897
mmu-miR-101c	8.5	11	11	10.5	7.5	16.5	10	9	14.5	12.5
mmu-mir-30c-2	8.33333333333333	4.66666666666667	0.333333333333333	6	4.33333333333333	6.33333333333333	2.5	0	3.16666666666667	11.5
mmu-miR-409-5p	8	4	5	4	2	7	8	10	17	7
mmu-miR-191-3p	8	7	2	12	5	8	10	12	20	24
mmu-miR-700-5p	8	3	3	4	9	6	1	1	6	4
mmu-miR-7a-1-3p	8	11	10	16	11	13	13	19	26	12
mmu-miR-463-3p	8	7	11	1	7	6	4	8	8	11
mmu-miR-183-3p	8	11	2	12	8	6	9	14	16	16
mmu-miR-202-5p	8	5	9	5	8	5	6	7	17	11
mmu-miR-5121	8	1	2	1	2	1	0	6	6	0
mmu-miR-335-3p	8	20	14	11	10	10	15	22	39	21
mmu-miR-330-3p	8	7	3	9	5	4	8	3	5	7
mmu-miR-671-3p	8	5	3	7	3	6	2	8	3	4
mmu-miR-181a-1-3p	8	6	7	1	1	5	4	7	8.5	7
mmu-miR-299a-3p|mmu-miR-299b-3p	7.5	1.5	3.5	6	2	6	5	12	9	5
mmu-miR-124-3p	7	5	8	8	5	4	7	6	9	11
mmu-miR-223-5p	7	13	5	11	7	11	9	18	14	12
mmu-miR-329-3p	7	5	2	7	5	2	4	9	10	8
mmu-mir-101b	7	1.5	1.5	0.5	2	6.5	0	2.5	1	5
mmu-miR-193b-3p	7	8	5	6	7	4	3	12	6	7
mmu-miR-339-3p	7	14	4	6	6	7	8	12	16	15
mmu-miR-137-3p	7	7	5	2	15	8	7	19	13	13
mmu-let-7f-2-3p	7	4	4	5	1	7	6	7	4.5	4.5
mmu-miR-18a-3p	7	0	1	2	2	0	3	7	10	7
mmu-miR-27a-5p	7	3	4	14	3	6	7	9	4	12
mmu-miR-15b-3p	7	16	5	13	5	8	10	21	33	26
mmu-miR-411-3p	7	7	11	14	4	7	7	5	12	18
mmu-miR-99b-3p	7	18	9	7	8	18	15	20	30	32
mmu-miR-669o-5p	7	4	3	10	8	4	1	14	16	18
mmu-mir-30c-1	6.33333333333333	14.1666666666667	6.83333333333333	6	6.33333333333333	6.33333333333333	3	0	3.66666666666667	11
mmu-miR-24-1-5p	6	10	4	7	4	8	11	7	14	5
mmu-miR-154-5p	6	1	4	4	4	2	3	4	10	9
mmu-miR-532-3p	6	10	2	2	4	4	10	10	12	6
mmu-miR-376c-3p	6	3	5	3	3	4	5	9	7	7
mmu-miR-496a-3p	6	3	3	1	0	6	3	3	9	5
mmu-miR-322-3p	6	9	8	13	8	4	9	7	16	13
mmu-miR-374c-5p	6	3.5	1.5	2.5	3.5	2.5	2	3	6	3.5
mmu-miR-370-3p	6	0	5	2	1	1	4	6	2	9
mmu-miR-206-3p	6	84	2	1	58	2	3	10	7	10
mmu-miR-17-3p	6	6	0	5	3	5	3	8	5	6
mmu-miR-1981-3p	6	5	7	3	6	4	7	10	6	6
mmu-miR-378a-5p	6	2	2	2	1	4	2	5	5	9
mmu-miR-152-5p	6	9	6	8	16	12	7	9	2	10
mmu-miR-466b-3p|mmu-miR-466c-3p|mmu-miR-466p-3p	5.83333333333333	5	5.66666666666667	5.5	6.16666666666667	3.5	7.66666666666667	9.5	8.33333333333333	8.16666666666667
mmu-miR-378b	5.66666666666667	3.33333333333333	4.33333333333333	5.16666666666667	5.33333333333333	5.91666666666667	1.66666666666667	6	6.33333333333333	9.58333333333333
mmu-miR-20b-5p	5.5	6	1	2	8	1	1	2	4.5	7
mmu-miR-29b-2-5p	5	3	2	4	6	4	3	13	10	12
mmu-miR-877-5p	5	2	2	2	1	3	0	2	6	2
mmu-miR-874-3p	5	2	7	6	1	1	6	8	11	9
mmu-miR-1843b-3p	5	5	6	4	1	1	0	12	12	13
mmu-miR-6988-3p	5	2	0	1	1	1	1	4	1	1
mmu-miR-700-3p	5	7	5	5	8	6	10	8	12	7
mmu-miR-148b-5p	5	4	4	4	6	6	4	6	10	7
mmu-miR-136-5p	5	1	13	12	12	19	9	11	8	12
mmu-miR-16-2-3p	5	8	6	5	5	4	9	7	7	10
mmu-let-7f-1-3p	5	3	4	5	5	6	5	5	3	6
mmu-miR-677-5p	5	1	6	1	5	8	6	8	8	4
mmu-miR-98-3p	5	4	4	3	1	5	7	2	4	7
mmu-miR-379-3p	5	6	5	10	7	6	4	4	13	14
mmu-miR-1843a-3p	5	4	2	5	3	8	2	8	5	6
mmu-miR-664-5p	5	2	6	4	1	4	7	2	9	11
mmu-miR-485-5p	5	6	8	9	5	8	6	9	11	19
mmu-miR-467d-5p	5	5	2	5	6	4	2	7	6	2
mmu-miR-127-5p	5	11	12	14	9	11	9	7	14	12
mmu-miR-669d-5p	4	1	1	3	2	4	1	5	7	11
mmu-miR-139-3p	4	5	2	2	0	3	2	9	2	5
mmu-let-7e-3p	4	0	2	3	2	0	1	1	6	1
mmu-miR-369-5p	4	1	2	6	3	1	2	4	11	6
mmu-miR-363-3p	4	4	4	1	1	0	4	7	4	8
mmu-miR-547-3p	4	4	5	0	1	3	4	6	8	4
mmu-miR-677-3p	4	1	2	0	2	0	0	3	0	0
mmu-miR-125a-3p	4	3	8	2	2	3	5	4	12	6
mmu-miR-741-3p	4	1	2	3	5	6	2	6	11	8
mmu-miR-342-5p	4	10	8	12	5	8	11	11	14	14
mmu-miR-344-3p	4	5	6	2	2	5	5	8	11	5
mmu-miR-1191a	4	4	6	3	3	2	1	7	6	9
mmu-miR-3962	4	4.5	2.5	4.5	3	1.5	7	5.5	5	7.5
mmu-miR-129-5p	4	5	4	6	3	2	3	4	9	13
mmu-miR-190a-5p	4	10	2	8	3	5	6	10	12	11
mmu-miR-185-3p	3	0	2	1	0	0	2	1	2	6
mmu-miR-7091-5p	3	0	0	0	0	0	0	0	0	0
mmu-miR-99a-3p	3	3	1	2	1	3	4	0	1	4
mmu-miR-145b	3	2	0	0	1	3	2	4.5	5	5
mmu-miR-7021-5p	3	1	1	0	0	0	0	1	2	0
mmu-miR-935	3	3	2	1	1	2	2	6	3	1
mmu-miR-30c-1-3p	3	2	3	7	0	1	3	2	4	6
mmu-let-7k	3	2	1.5	2	2	3.5	0	0	5.5	3.5
mmu-miR-1306-3p	3	1	0	1	0	2	0	6	4	1
mmu-miR-7217-3p	3	0	0	0	0	0	1	0	0	1
mmu-miR-21a-3p	3	0	2	2	3	2	1	0	2	1
mmu-miR-93-3p	3	5	1	5	2	2	3	3	8	7
mmu-miR-299a-3p	3	2	1	4	2	0	0	2	3	5
mmu-miR-6516-5p	3	1	0	5	1	1	2	4	4	1
mmu-miR-341-3p	3	3	0	3	3	1	3	1	3	5
mmu-miR-26a-2-3p	3	2	8	9	5	1	6	3	6	6
mmu-miR-301a-5p	3	1	0	1	3	1	1	1	1	3
mmu-miR-499-5p	3	7	12	5	3	4	5	4	9	14
mmu-miR-880-3p	3	2	3	0	0	0	0	0	0	1
mmu-miR-299a-5p|mmu-miR-299b-5p	3	4.5	1	5.5	1	2	5	10	7	4
mmu-let-7a-2	2.91666666666667	1.75	0	0.5	1.91666666666667	1.33333333333333	2.41666666666667	5	2.5	0.333333333333333
mmu-let-7a-1	2.91666666666667	1.75	1	1.5	0.916666666666667	0.833333333333333	1.91666666666667	2	3.33333333333333	4
mmu-miR-669b-5p	2.5	0	0	0	1	0	0	0	0	2
mmu-miR-28c	2.5	1.5	2	1.5	1.5	2.5	3.5	2.5	5	5.5
mmu-miR-465d-5p	2.5	1.5	0	0	1	0	0	0.5	0	2
mmu-miR-7214-5p	2	1	1	0	1	2	1	0	3	1
mmu-miR-466c-5p	2	1	2	3	2	1	0	2	3	2
mmu-miR-8112	2	0	1	0	0	0	1	1	6	2
mmu-miR-501-5p	2	2	2	2	0	1	1	2	2	2
mmu-miR-8114	2	3	2	4	2	3	1	6	4	4
mmu-miR-770-3p	2	0	0	1	0	1	1	0	2	0
mmu-miR-669f-3p	2	1	1	2	1	3	1	3	6	0.0833333333333333
mmu-miR-6911-3p	2	0	0	1	1	0	0	3	2	4
mmu-miR-219a-5p	2	0	4	1	1	1	2	0	2	1
mmu-miR-669e-5p	2	3	0	3	2	1	2	3	4	7
mmu-miR-361-5p	2	0	1	2	0	0	0	1	0	2
mmu-miR-129-2-3p	2	2	1	4	0	4	1.5	6	6	4
mmu-miR-431-5p	2	2	0	3	0	1	0	1	1	0
mmu-miR-16-1-3p	2	5	7	2	5	0	7	4	4	4
mmu-miR-323-3p	2	0	1	0	2	1	1	1	1	2
mmu-miR-667-3p	2	0	1	1	1	1	3	2	2	1
mmu-miR-883a-5p	2	3	5	0	0	1	0	0	2	1
mmu-miR-210-5p	2	1	3	1	1	3	5	4	3	1
mmu-miR-6538	2	1	0	1	0	1	1	9	2	3
mmu-miR-503-3p	2	0	2	2	2	1	4	2	6	6
mmu-miR-465d-3p	2	0.333333333333333	0	0.166666666666667	0.5	0	0	1	1.5	1.5
mmu-miR-1961	2	2	4	3	1	3	2	3	3	4
mmu-miR-147-5p	2	2	3	3	0	3	3	2	10	4
mmu-miR-26b-3p	2	3	2	1	1	1	1	4	9	5
mmu-miR-1947-5p	2	0	1	1	0	2	1	0	2	0
mmu-miR-468-5p	2	2	2	2	4	3	4	2	5	2
mmu-miR-200c-5p	2	1	1	2	1	3	2	2	2	1
mmu-miR-7068-3p	2	3	0	0	0	0	0	1	0	1
mmu-miR-15a-3p	2	3	0	1	0	0	0	1	2	0
mmu-miR-150-3p	2	5	2	4	1	1	2	4	8	4
mmu-miR-669l-5p	2	4	3	2	5	2	3	11	7	13
mmu-miR-7068-5p	2	0	0	1	0	0	0	0	0	0
mmu-miR-3474	2	2	7	0	1	0	0	3	2	0
mmu-miR-3102-3p.2-3p	2	1	1	1	0	0	2	2	2	2
mmu-miR-135b-5p	2	0	3	1	0	2	1	1	2	5
mmu-miR-410-3p	2	5	4	7	2	8	8	5	11	9
mmu-miR-1943-5p	2	0	0	1	0	1	1	0	0	1
mmu-miR-6975-3p	2	0	0	2	0	1	0	2	3	1
mmu-miR-8094	2	1	0	0	1	0	2	1	1	0
mmu-miR-322-5p	2	5	4	6	2	6	4	10	16	14
mmu-miR-188-5p	2	4	1	1	1	1	0	1	2	1
mmu-miR-7043-3p	2	1	1	4	2	1	3	3	4	3
mmu-miR-1193-3p	2	0	1	1	0	2	2	2	1	4
mmu-miR-3475-3p	2	1	0	0	0	1	0	1	1	1
mmu-miR-346-5p	2	0	0	0	0	0	0	2	1	1
mmu-miR-466g	2	3	4	4	5	2	1	4	7	5
mmu-miR-449b	2	1	1	0	2	1	3	0	1	2
mmu-miR-483-5p	2	1	1	1	0	0	1	0	1	0
mmu-miR-196b-3p	2	1	0	2	2	0	4	3	4	1
mmu-mir-429	1.5	0.5	3	0	0.5	1	0	1	0	0
mmu-miR-376b-5p	1.5	4	7	4	6	4	5	2	7.5	9
mmu-miR-1843a-5p	1.5	3	0	2	2	2	2	2.5	0.5	4.5
mmu-miR-26a-1-3p	1	0	1	0	1	1	0	0	6	1
mmu-miR-3095-3p	1	1	1	2	0	0	1	1	2	1
mmu-miR-3081-3p	1	1	0	0	0	0	0	0	0	0
mmu-miR-301b-3p	1	0	0	0	0	1	0	0	0	0
mmu-miR-7092-3p	1	0	0	0	0	0	0	0	0	0
mmu-miR-652-5p	1	4	0	1	1	0	0	3	3	3
mmu-miR-582-3p	1	1	0	0	2	3	3	1	5	0
mmu-miR-6970-5p	1	0	0	0	0	0	0	0	0	0
mmu-miR-883b-5p	1	0	1	1	0	0	0	3	5	7
mmu-miR-32-3p	1	4	0	5	4	5	4	4	2	5
mmu-miR-331-5p	1	1	1	3	0	0	1	0	1	3
mmu-miR-130b-3p	1	1	1	1	3	1	2	3	3	0
mmu-miR-6997-3p	1	0	0	0	0	0	0	0	0	0
mmu-miR-3066-5p	1	1	1	0	0	2	0	1	2	1
mmu-miR-20a-3p	1	1	0	0	0	0	0	0	3	2
mmu-let-7i-3p	1	1	0	1	0	0	0	3	3	2
mmu-miR-3084-5p	1	0	0	0	1	0	2	1	3	1
mmu-miR-3074-1-3p	1	0	1	0	0	0	1	1	0	0
mmu-miR-744-3p	1	0	3	3	1	4	1	2	5	3
mmu-miR-673-5p	1	2	0	0	1	1	0	1	1	0
mmu-miR-6946-5p	1	0	0	0	0	0	0	0	0	0
mmu-miR-7079-3p	1	0	2	2	0	1	1	3	2	1
mmu-miR-294-3p	1	0	0	1	0	0	0	0	2	0
mmu-miR-7085-3p	1	0	0	0	0	0	0	0	0	0
mmu-miR-5615-5p	1	2	0	0	0	2	0	1.5	1	0
mmu-miR-5129-5p	1	1	0	0	0	0	0	1	0	1
mmu-miR-493-3p	1	0	0	0	1	0	0	0	0	2
mmu-miR-3102-5p.2-5p	1	1	0	1	0	0	0	0	1	0
mmu-miR-466h-5p	1	3	1	2	1	1	1	4	2	2
mmu-miR-7233-3p	1	0	0	1	0	0	0	0	0	0
mmu-miR-1251-5p	1	0	0	2	0	0	0	0	1	2
mmu-miR-7065-3p	1	2	0	0	0	0	0	0	0	0
mmu-miR-760-3p	1	3	0	3	1	0	2	1	2	7
mmu-miR-1983	1	1	2	3	1	1	3	2	5	3
mmu-miR-504-5p	1	2	1	0	0	0	0	2	3	0
mmu-miR-193a-3p	1	1	2	0	1	2	0	1	3	2
mmu-miR-222-5p	1	0	0	0	0	1	0	1	0	0
mmu-miR-5116	1	0	0	0	0	0	0	0	0	0
mmu-miR-669m-3p	1	0	0	0	0	0	0	0	0	0
mmu-miR-196a-1-3p	1	0	1	2	2	1	1	0	1	3
mmu-miR-5132-5p	1	0	0	0	0	0	1	0	2	2
mmu-miR-293-3p	1	1	0	0	0	0	0	1	2	2
mmu-miR-363-5p	1	0	0	0	1	0	0	1	1	1
mmu-miR-3110-5p	1	0	2	1	1	0	0	1	0	0
mmu-miR-196a-2-3p	1	0	0	0	0	0	2	1	1	0
mmu-miR-92a-1-5p	1	3	0	2	1	0	2	2	4	0
mmu-miR-376a-5p	1	2	1	1	0	1	1	1	1	3
mmu-miR-5104	1	0	0	1	0	0	0	0	0	0
mmu-miR-505-3p	1	2	1	0	0	0	0	2	0	1
mmu-miR-376b-3p	1	2	2	9	3	4	2	4	3	1
mmu-miR-467b-5p	1	1	0	0	0	2	0	1	1	1
mmu-miR-6986-5p	1	0	1	0	0	1	0	0	0	0
mmu-miR-450b-5p	1	0	0	2	0	2	1	1	0	1
mmu-miR-8093	1	0	0	0	0	0	0	0	0	0
mmu-miR-5626-5p	1	0	0	0	0	0	0	0	0	0
mmu-miR-137-5p	1	2	0	0	0	0	0	0	0	2
mmu-miR-701-5p	1	0	1	0	0	0	1	1	2	0
mmu-miR-1948-5p	1	2	0	1	0	0	0	1	1	2
mmu-miR-470-3p	1	3	0	0	2	1	4	2	7	5
mmu-miR-338-3p	1	1	2	4	0	2	1	5	2	3
mmu-miR-7674-5p	1	0	0	0	0	0	0	0	0	0
mmu-miR-433-3p	1	1	2	1	0	1	1	6	2	2
mmu-miR-7658-3p	1	0	0	0	0	1	0	0	1	0
mmu-miR-1291	1	5	6	5	5	2	1	6	10	6
mmu-miR-3072-3p	1	0	1	3	0	0	0	0	2	2
mmu-miR-129-1-3p	1	0	0	0	0	0	0.5	0	0	1
mmu-miR-153-3p	1	0	0	0	1	0	0	0	0	0
mmu-miR-143-5p	1	3	2	0	0	2	1	6	5	11
mmu-miR-1198-3p	1	0	0	0	0	0	0	0	0	1
mmu-miR-3109-3p	1	0	0	0	0	0	0	0	0	1
mmu-miR-203-5p	1	0	1	1	1	0	1	0	0	1
mmu-miR-7649-3p	1	0	0	0	0	0	0	0	0	0
mmu-miR-6516-3p	1	2	0	0	0	1	0	3	1	2
mmu-miR-187-5p	1	1	1	1	2	3	1	2	2	6
mmu-miR-7232-3p	1	0	2	0	0	0	0	0	0	0
mmu-miR-33-3p	1	5	1	0	1	2	1	2	6	1
mmu-miR-296-3p	1	2	1	1	0	2	1	0	0	3
mmu-miR-704	1	0	0	1	0	0	1	1	2	0
mmu-miR-466a-3p|mmu-miR-466e-3p	1	0.5	0.5	0.5	0	1.5	0.5	0	1	1.5
mmu-miR-298-5p	1	4	1	4	3	3	6	4	7	5
mmu-miR-491-5p	1	0	0	1	1	0	0	0	3	2
mmu-miR-6546-5p	1	1	0	0	0	0	0	0	0	1
mmu-miR-7a-2-3p	1	0	0	0	1	0	1	0	1	0
mmu-miR-5128	1	1	0	0	0	1	0	0	1	2
mmu-miR-1949	1	0	0	0	1	0	0	4	0	0
mmu-miR-6540-5p	1	0	0	0	0	0	0	0	0	0
mmu-miR-133a-5p	1	5	2	0	0	1	0	2	4	3
mmu-miR-452-5p	1	1	0	1	1	1	2	1	2	2
mmu-miR-7648-3p	1	0	0	0	0	0	0	0	0	0
mmu-miR-29b-1-5p	1	2	1	2	0	2	2	1	4	4
mmu-miR-365-2-5p	1	1	0	1	0	0	0	0	0	1
mmu-miR-3064-5p	1	1	1	0	0	2	0	4	4	8
mmu-miR-295-3p	1	4	1	3	3	1	0	2	4	0
mmu-miR-468-3p	1	0	0	0	1	0	0	0	1	1
mmu-miR-128-1-5p	1	0	0	0	0	0	0	1	0	0
mmu-miR-3103-3p	1	0	0	0	0	0	0	0	0	0
mmu-miR-668-3p	1	0	0	0	0	0	0	0	0	0
mmu-miR-6539	1	0	0	0	0	0	0	0	0	0
mmu-miR-3097-3p	1	0	2	2	0	1	1	0	0	1
mmu-miR-5101	1	1	2	0	1	2	0	2	1	3
mmu-miR-466h-3p	1	0	2	1	0	1	0	1	1	3
mmu-miR-669f-5p	1	0	0	0	0	0	0	0	0	0
mmu-miR-338-5p	1	0	6	1	4	2	1	9	6	6
mmu-miR-7019-3p	1	0	1	0	0	0	0	0	1	0
mmu-miR-615-5p	1	0	1	0	1	0	0	0	0	0
mmu-miR-6917-3p	1	0	0	0	0	0	0	0	2	0
mmu-miR-217-5p	1	4	0	2	1	2	0	4	5	6
mmu-miR-7210-3p	1	0	2	0	0	0	2	1	1	0
mmu-miR-132-5p	1	5	1	6	6	6	1	7	7	7
mmu-miR-205-3p	1	2	1	4	0	0	1	2	4	2
mmu-miR-297a-5p	1	0	0	0	0	0	0	0	1	0
mmu-miR-7676-3p	1	0	0	0	0	0	0	0	1	0
mmu-miR-761	1	0	0	0	0	0	0	0	0	0
mmu-miR-201-5p	1	1	1	0	0	1	1	1	4	1
mmu-miR-7049-5p	1	0	0	0	0	0	0	0	0	0
mmu-miR-5107-3p	1	0	0	0	0	1	0	3	2	0
mmu-miR-5119	1	1	0	1	0	0	1	0	1	0
mmu-miR-592-5p	1	0	0	0	0	0	0	2	0	4
mmu-miR-122-3p	1	0	0	0	0	0	0	0	0	0
mmu-miR-1930-5p	1	2	1	0	0	0	1	2	0	1
mmu-miR-490-3p	1	2	1	0	4	0	1	1	2	1
mmu-miR-877-3p	1	2	2	1	0	1	1	3	6	4
mmu-miR-582-5p	1	1	0	5	1	1	0	2	2	1
mmu-miR-212-5p	1	1	1	1	3	1	1	1	3	0
mmu-miR-7242-3p	1	0	1	1	0	0	0	0	0	0
mmu-miR-7229-3p	1	1	2	0	0	0	0	0	0	1
mmu-miR-6928-3p	1	0	0	1	0	0	0	0	0	0
mmu-miR-7219-3p	1	0	0	0	0	0	1	0	0	0
mmu-miR-21b	1	4	0.5	4.5	0.5	0	0	2	3	6
mmu-miR-742-5p	1	2	6	2	1	0	3	2	2	7
mmu-miR-5129-3p	1	0	1	0	1	0	0	2	1	1
mmu-miR-147-3p	1	1	0	0	1	0	0	1	5	2
mmu-miR-6715-5p	1	0	0	0	0	0	0	0	0	0
mmu-miR-1247-3p	1	1	1	1	0	0	0	0	0	3
mmu-miR-1249-5p	1	1	0	0	0	0	0	0	0	0
mmu-miR-450b-3p	1	1	0	2	0	0	1	0	4	1
mmu-miR-6920-3p	1	0	0	0	0	0	0	0	0	0
mmu-miR-292a-5p	1	0	1	0	0	0	0	0	1	0
mmu-miR-7665-5p	1	0	0	0	0	0	0	0	2	0
mmu-let-7c-2	0.666666666666667	1.66666666666667	0.333333333333333	1.16666666666667	0.833333333333333	0.666666666666667	0.666666666666667	1	0.25	1.83333333333333
mmu-miR-299b-3p	0.5	0.5	0.5	0	0	0	0	1	0	0
mmu-miR-103-2-5p	0.5	0.5	0	0	0	0	0	0	0	3
mmu-miR-486b-3p	0.5	0.5	0.5	3	1	0.5	0	0.5	0	2.5
mmu-miR-211-5p	0.5	3	0	0	0	2	2	0	2.5	0.5
mmu-miR-103-1-5p	0.5	0.5	0	0	0	0	0	0	0	1
mmu-miR-376c-5p	0.5	0	0	0	0	0	0	0	0.5	0
mmu-miR-378d	0.5	0.5	0.5	0.5	1.5	1.75	0	0	2	2.75
mmu-miR-106a-5p	0.5	1	1.5	2	1	3.5	0	3.5	2.5	1
mmu-mir-146b	0.5	0.5	0	0.5	0	0	0.5	0.5	0	0
mmu-mir-27b	0.5	0.5	0.5	0.5	0	0	0	0.5	0.5	0
mmu-miR-486a-3p|mmu-miR-486b-3p	0.5	0.5	0.5	3	1	1.5	0	1.5	0	2.5
mmu-mir-30b	0.5	0	0	0.5	0	0	0	1	0	0
mmu-miR-467e-3p	0.333333333333333	1.5	0.666666666666667	0	0	0.5	1.33333333333333	0.5	0.5	1.36666666666667
mmu-let-7b	0.333333333333333	0	0	0	0	0	0	0	0.25	0
mmu-let-7c-1	0.333333333333333	1.66666666666667	0.333333333333333	0.666666666666667	0.333333333333333	0.666666666666667	0.666666666666667	1.5	0.25	1.83333333333333
mmu-miR-467c-3p	0.333333333333333	1.5	0.666666666666667	0	0	0.5	0.333333333333333	0.5	0.5	1.36666666666667
mmu-mir-669p-1	0.333333333333333	0	0.333333333333333	0	0	0	0	0.833333333333333	0.333333333333333	0
mmu-mir-669p-2	0.333333333333333	0	0.333333333333333	0	0	0	0	0.333333333333333	0.333333333333333	0
mmu-mir-466c-2	0.214285714285714	0	0	0	0	0.264957264957265	0	0.0769230769230769	0.153846153846154	0.0769230769230769
mmu-mir-466b-8	0.214285714285714	0	0	0	0	0.264957264957265	0	0.0769230769230769	0.153846153846154	0.0769230769230769
mmu-mir-466b-1	0.214285714285714	0	0	0	0	0.264957264957265	0	0.0769230769230769	0.153846153846154	0.0769230769230769
mmu-mir-466c-3	0.214285714285714	0	1	0	0.2	0.264957264957265	0	0.0769230769230769	0.153846153846154	0
mmu-mir-466b-7	0.214285714285714	0	0	0	0	0.153846153846154	0	0.0769230769230769	0.153846153846154	0.0769230769230769
mmu-mir-466b-6	0.214285714285714	0	0	0	0	0.264957264957265	0	0.0769230769230769	0.487179487179487	0.0769230769230769
mmu-mir-466c-1	0.0714285714285714	0	0	0	0.2	0.153846153846154	0	0.0769230769230769	0.153846153846154	0.0769230769230769
mmu-mir-466b-2	0.0714285714285714	0	0	0	0	0.264957264957265	0	0.0769230769230769	0.153846153846154	0.0769230769230769
mmu-mir-466e	0.0714285714285714	0	0	0	0	0.153846153846154	0.666666666666667	0.0769230769230769	0.153846153846154	0.0769230769230769
mmu-mir-466b-4	0.0714285714285714	0	0	0.5	0.2	0	0.666666666666667	0.0769230769230769	0.333333333333333	0.0769230769230769
mmu-mir-466a	0.0714285714285714	0	0	0	0	0.264957264957265	0	0.0769230769230769	0.153846153846154	0.0769230769230769
mmu-mir-466p	0.0714285714285714	0	0	0	0	0.153846153846154	0	0.0769230769230769	0.153846153846154	0.0769230769230769
mmu-mir-466b-5	0.0714285714285714	0	0	0	0.2	0.264957264957265	0	0	0.153846153846154	0.0769230769230769
mmu-miR-33-5p	0	4	1	2	0	2	1	1	2	2
mmu-miR-193a-5p	0	4	1	4	3	1	4	8	11	14
mmu-miR-25-5p	0	4	1	1	0	3	3	2	8	1
mmu-miR-503-5p	0	3	1	1	0	1	2	3	4	4
mmu-miR-7210-5p	0	3	1	1	2	2	4	1	4	1
mmu-miR-7669-5p	0	3	1	0	1	0	0	1	0	0
mmu-miR-1964-3p	0	3	4	1	1	0	3	0	3	2
mmu-miR-146b-3p	0	3	2	2	0	0	1	0	2	1
mmu-miR-7224-3p	0	2	0	0	0	0	0	0	0	0
mmu-miR-487b-3p	0	2	0	2	3	1	1	7	3	3
mmu-miR-449c-3p	0	2	0	0	2	0	0	0	3	2
mmu-miR-6971-3p	0	2	0	0	0	0	0	0	0	0
mmu-miR-485-3p	0	2	1	4	1	2	1	4	6	7
mmu-mir-6402	0	1.5	0	1	1.5	0	0	0	0	0.5
mmu-mir-3962	0	1.5	1	0	1.5	0	1	0	1	0
mmu-miR-1929-5p	0	1	0	0	0	0	1	0	0	0
mmu-miR-6968-3p	0	1	0	0	0	0	0	1	0	0
mmu-miR-96-3p	0	1	0	0	1	0	1	1	0	2
mmu-miR-215-5p	0	1	3	2	1	1	1	2	2	1
mmu-miR-374c-3p	0	1	1	0	0	2	1	0	1	0
mmu-miR-6957-3p	0	1	0	0	0	0	0	0	0	0
mmu-miR-3105-3p	0	1	0	1	0	0	0	1	0	1
mmu-miR-7658-5p	0	1	0	0	0	0	0	0	1	0
mmu-miR-1934-3p	0	1	0	1	0	0	0	1	0	0
mmu-miR-365-1-5p	0	1	0	0	0	0	0	0	0	0
mmu-miR-5106	0	1	0	0	0	0	0	0	0	0
mmu-miR-511-5p	0	1	1	0	1	0	1	2	3	5
mmu-miR-702-3p	0	1	0	0	2	0	0	0	0	0
mmu-miR-3084-3p	0	1	0	0	0	0	0	2	4	3
mmu-miR-100-3p	0	1	1	0	0	0	0	0	1	0
mmu-miR-380-5p	0	1	1	1	1	0	0	0	0	2
mmu-miR-5113	0	1	0	0	1	1	0	1	3	3
mmu-miR-7052-3p	0	1	0	0	0	0	0	0	0	0
mmu-miR-7046-3p	0	1	0	0	2	0	0	0	0	1
mmu-miR-182-3p	0	1	2	2	2	3	0	6	5	3
mmu-miR-375-5p	0	1	0	0	0	0	0	0	0	0
mmu-miR-7655-3p	0	1	0	0	0	0	0	0	1	0
mmu-miR-7061-3p	0	1	0	0	0	0	0	0	0	0
mmu-miR-6978-3p	0	1	0	0	1	0	0	0	0	0
mmu-miR-543-3p	0	1	2	5	1	4	1	2	6	5
mmu-miR-6917-5p	0	1	0	0	0	0	1	0	0	0
mmu-miR-873a-3p	0	1	0	0	0	0	0	0	0	0
mmu-miR-7070-5p	0	1	0	0	0	0	0	0	0	0
mmu-miR-6946-3p	0	1	0	2	0	1	0	2	3	2
mmu-miR-219a-1-3p	0	1	0	1	0	0	1	1	0	1
mmu-miR-7241-5p	0	1	0	1	0	1	0	0	0	0
mmu-miR-341-5p	0	1	0	0	0	0	0	0	0	0
mmu-miR-1933-5p	0	1	0	0	1	0	0	0	0	0
mmu-let-7c-1-3p	0	1	0	0	0	0	0	0	0	0
mmu-miR-874-5p	0	1	0	0	0	0	2	0	1	0
mmu-miR-504-3p	0	1	0	0	0	0	0	0	0	0
mmu-miR-669p-3p	0	1	0	1	0	0	1	1	0	1
mmu-miR-6966-3p	0	1	0	1	0	0	0	0	0	0
mmu-miR-5120	0	1	0	0	0	0	0	0	0	0
mmu-miR-138-5p	0	1	5	6	4	3	1	3	4	3
mmu-miR-7670-3p	0	1	1	0	0	0	0	0	0	1
mmu-miR-7073-5p	0	1	0	0	0	0	1	1	1	3
mmu-miR-186-3p	0	1	0	0	0	0	1	0	0	0
mmu-miR-3057-5p	0	1	0	0	0	0	0	0	1	1
mmu-miR-1247-5p	0	1	0	1	0	0	0	1	3	2
mmu-miR-337-3p	0	1	0	2	1	3	0	0	3	0
mmu-miR-5107-5p	0	1	1	0	0	0	0	0	0	3
mmu-miR-382-3p	0	1	0	2	0	2	1	0	0	1
mmu-miR-202-3p	0	1	0	0	0	1	0	0	0	0
mmu-miR-483-3p	0	1	0	0	0	0	0	0	0	0
mmu-miR-6932-3p	0	1	0	0	0	0	0	0	0	0
mmu-miR-7078-5p	0	1	0	0	0	0	1	0	0	0
mmu-miR-7061-5p	0	1	0	1	0	0	0	0	0	0
mmu-miR-505-5p	0	1	0	0	0	0	1	0	1	3
mmu-miR-7682-3p	0	1	0	0	0	0	0	0	0	0
mmu-miR-3099-3p	0	1	1	0	0	0	0	1	0	1
mmu-miR-146a-3p	0	1	0	0	0	0	1	1	0	1
mmu-miR-7042-5p	0	1	0	0	0	0	0	0	0	0
mmu-miR-7017-3p	0	1	0	0	0	0	0	0	0	0
mmu-miR-6238	0	1	0	1	0	0	1	1	0	1
mmu-miR-672-3p	0	1	0	0	0	0	0	0	0	0
mmu-miR-6964-5p	0	1	0	0	0	0	0	1	0	0
mmu-miR-130a-5p	0	1	1	0	0	1	0	0	0	0
mmu-miR-154-3p	0	1	1	1	1	0	3	1	1	5
mmu-miR-350-5p	0	1	4	1	0	4	2	3	3	3
mmu-miR-181b-2-3p	0	1	0	0	0	0	0	1	0	1
mmu-miR-7030-3p	0	1	0	0	0	1	0	0	1	1
mmu-miR-3102-3p	0	1	4	3	3	2	2	2	0	3
mmu-miR-1668	0	1	0	0	0	0	0	1	0	0
mmu-miR-216b-3p	0	1	0	0	0	0	0	0	1	0
mmu-miR-6955-5p	0	1	0	0	0	0	0	0	0	0
mmu-let-7i	0	0.5	0	0.5	0.5	0	0.5	0	0	0
mmu-miR-299b-5p	0	0.5	0	0.5	0	0	0	0	0	0
mmu-mir-465b-1	0	0.333333333333333	0	0.166666666666667	0	0	0	0	0	0
mmu-mir-465b-2	0	0.333333333333333	0	0.166666666666667	0	0	0	0	0	0
mmu-miR-5108	0	0	5	0	0	0	0	0	0	0
mmu-miR-1927	0	0	3	1	0	1	1	1	2	2
mmu-miR-6418-3p	0	0	2	0	0	0	0	0	0	1
mmu-miR-1934-5p	0	0	2	1	0	0	1	0	1	0
mmu-miR-219a-2-3p	0	0	2	0	0	0	1	0	0	0
mmu-miR-190a-3p	0	0	2	0	1	0	0	1	0	0
mmu-miR-7653-3p	0	0	2	0	0	0	0	0	0	0
mmu-miR-490-5p	0	0	2	0	0	0	0	0	0	2
mmu-miR-6933-5p	0	0	1	1	0	0	0	0	0	1
mmu-miR-7230-3p	0	0	1	1	0	0	0	0	0	1
mmu-miR-3089-3p	0	0	1	0	0	3	1	1	0	3
mmu-miR-7032-3p	0	0	1	0	0	0	0	0	2	0
mmu-miR-7218-3p	0	0	1	0	0	0	0	0	0	0
mmu-miR-219c-5p	0	0	1	0	0	0	0	0	0	1
mmu-miR-8111	0	0	1	0	1	0	1	0	0	0
mmu-miR-6994-3p	0	0	1	0	0	1	0	0	0	2
mmu-miR-144-3p	0	0	1	0	0	1	0	0	0	1
mmu-miR-7240-5p	0	0	1	0	0	1	0	0	3	0
mmu-miR-7054-3p	0	0	1	0	0	0	0	0	0	0
mmu-miR-297b-5p	0	0	1	0	0	0	0	0	0	2
mmu-miR-3073b-5p	0	0	1	1	0	0	0	0	0	1
mmu-miR-380-3p	0	0	1	0	0	0	0	0	1	1
mmu-miR-7229-5p	0	0	1	0	0	0	0	0	1	0
mmu-miR-742-3p	0	0	1	2	1	4	1	0	2	0
mmu-miR-8118	0	0	1	1	0	0	0	0	1	0
mmu-miR-18b-3p	0	0	1	0	0	0	0	0	1	0
mmu-miR-666-5p	0	0	1	0	0	0	0	0	2	0
mmu-miR-669b-3p	0	0	1	0	1	1	0	1	1	0
mmu-miR-1298-5p	0	0	1	0	0	0	0	0	0	0
mmu-miR-7226-3p	0	0	1	1	3	0	1	1	1	0
mmu-miR-5132-3p	0	0	1	0	0	0	0	0	0	0
mmu-miR-6481	0	0	1	0	0	0	0	0	0	0
mmu-miR-3086-5p	0	0	1	0	0	0	0	0	1	0
mmu-miR-134-3p	0	0	1	0	0	0	0	0	0	0
mmu-miR-6989-3p	0	0	1	0	0	0	0	0	1	0
mmu-miR-344b-3p	0	0	1	0	0	0	0	0	0	0
mmu-miR-6916-5p	0	0	1	0	0	0	0	0	0	0
mmu-miR-3964	0	0	1	0	1	0	0	1	0	1
mmu-miR-3094-3p	0	0	1	0	0	0	0	0	0	1
mmu-miR-101a-5p	0	0	1	0	1	0	0	0	1	0
mmu-miR-7234-5p	0	0	1	0	0	0	0	0	0	0
mmu-miR-770-5p	0	0	1	0	0	0	0	0	0	2
mmu-miR-301a-3p	0	0	1	2	0	2	0	0	2	2
mmu-miR-377-3p	0	0	1	1	0	2	2	0	2	3
mmu-miR-5114	0	0	1	0	0	0	0	0	3	0
mmu-miR-879-5p	0	0	1	0	1	0	0	1	0	0
mmu-miR-34a-3p	0	0	1	0	0	0	0	0	1	0
mmu-miR-7022-5p	0	0	1	0	0	0	0	0	0	0
mmu-miR-351-3p	0	0	1	0	2	0	0	0	0	1
mmu-miR-5617-5p	0	0	1	0	0	0	0	0	0	0
mmu-miR-3569-3p	0	0	1	0	0	0	0	0	0	0
mmu-mir-434	0	0	0.5	0	0	0	0	0	0	0
mmu-mir-34b	0	0	0.5	0	0	0	0	0	0	0
mmu-mir-3970	0	0	0.5	0	0	0	0	0	0	1
mmu-miR-466b-5p|mmu-miR-466e-5p|mmu-miR-466o-5p	0	0	0.5	0.5	0	0	0.5	0	0	0.25
mmu-miR-466b-5p|mmu-miR-466o-5p	0	0	0.5	0.5	0	0	0.5	0.5	0	0.25
mmu-let-7g	0	0	0.5	0	0	0	0	0	0	0
mmu-miR-6943-3p	0	0	0	2	0	0	0	0	0	1
mmu-miR-540-3p	0	0	0	2	0	2	1	2	1	2
mmu-miR-1955-3p	0	0	0	2	0	0	0	0	0	0
mmu-miR-138-2-3p	0	0	0	1	0	0	0	0	3	0
mmu-miR-410-5p	0	0	0	1	0	0	0	0	0	0
mmu-miR-7662-3p	0	0	0	1	0	0	0	0	0	0
mmu-miR-107-5p	0	0	0	1	0	0	0	0	0	0
mmu-miR-431-3p	0	0	0	1	0	0	1	0	0	1
mmu-miR-7678-3p	0	0	0	1	0	0	0	0	0	0
mmu-miR-194-2-3p	0	0	0	1	0	0	0	1	1	0
mmu-miR-92b-5p	0	0	0	1	0	0	0	1	0	0
mmu-miR-7009-5p	0	0	0	1	0	0	0	0	1	0
mmu-miR-5100	0	0	0	1	0	0	1	2	0	0
mmu-miR-7231-5p	0	0	0	1	0	0	0	0	0	0
mmu-miR-1955-5p	0	0	0	1	0	0	1	1	0	1
mmu-miR-7116-3p	0	0	0	1	0	0	0	0	0	0
mmu-miR-719	0	0	0	1	0	0	0	0	0	0
mmu-miR-7214-3p	0	0	0	1	0	1	0	0	0	0
mmu-miR-6915-3p	0	0	0	1	0	0	0	0	1	0
mmu-miR-7118-3p	0	0	0	1	1	0	0	0	0	0
mmu-miR-3076-5p	0	0	0	1	0	0	0	0	2	1
mmu-miR-6909-5p	0	0	0	1	0	0	1	0	0	0
mmu-miR-669c-3p	0	0	0	1	0	0	0	0	0	0
mmu-miR-218-1-3p	0	0	0	1	0	0	0	0	0	0
mmu-miR-6922-3p	0	0	0	1	0	0	0	0	0	0
mmu-miR-8103	0	0	0	1	0	0	0	0	0	0
mmu-miR-5124a	0	0	0	1	0	0	0	0	0	0
mmu-miR-1945	0	0	0	1	1	0	2	1	0	2
mmu-miR-6932-5p	0	0	0	1	0	0	0	0	0	0
mmu-miR-7072-3p	0	0	0	1	0	0	0	0	0	0
mmu-miR-1a-1-5p	0	0	0	1	0	0	0	2	1	0
mmu-miR-449a-3p	0	0	0	1	0	1	1	0	0	0
mmu-miR-3085-3p	0	0	0	1	0	0	0	0	0	0
mmu-miR-7091-3p	0	0	0	1	0	0	0	0	0	1
mmu-mir-27a	0	0	0	0.5	0	0	0	0	0.5	0
mmu-miR-466i-3p	0	0	0	0.5	0	0	0	0	0	0
mmu-miR-466f-3p	0	0	0	0.5	0	1	1	1	1	0
mmu-mir-465c-1	0	0	0	0.166666666666667	0	0	0	0	0	0
mmu-mir-465c-2	0	0	0	0.166666666666667	0	0	0	0	0	0
mmu-mir-465a	0	0	0	0.166666666666667	0	0	0	0	0	0
mmu-miR-216a-5p	0	0	0	0	4	1	1	0	0	0
mmu-miR-665-3p	0	0	0	0	2	2	0	0	0	4
mmu-miR-6914-3p	0	0	0	0	1	0	1	2	0	0
mmu-miR-3965	0	0	0	0	1	1	2	1	0	2
mmu-miR-190b-3p	0	0	0	0	1	0	0	0	0	0
mmu-miR-488-3p	0	0	0	0	1	1	0	1	0	1
mmu-miR-708-3p	0	0	0	0	1	0	0	2	3	0
mmu-miR-5134-3p	0	0	0	0	1	0	0	0	0	0
mmu-miR-325-5p	0	0	0	0	1	0	0	0	0	0
mmu-miR-6944-3p	0	0	0	0	1	3	0	0	1	1
mmu-miR-135a-2-3p	0	0	0	0	1	0	2	2	3	1
mmu-miR-7219-5p	0	0	0	0	1	0	0	0	0	0
mmu-miR-500-5p	0	0	0	0	1	0	1	0	0	0
mmu-miR-6929-3p	0	0	0	0	1	0	0	0	0	0
mmu-miR-1199-5p	0	0	0	0	1	0	0	0	0	0
mmu-miR-181b-1-3p	0	0	0	0	1	1	1	0	1	0
mmu-miR-7047-3p	0	0	0	0	1	0	0	0	0	0
mmu-miR-144-5p	0	0	0	0	1	1	1	0	4	0
mmu-miR-679-3p	0	0	0	0	1	0	0	0	0	0
mmu-miR-669e-3p	0	0	0	0	1	0	0	0	0	0
mmu-miR-3088-3p	0	0	0	0	1	0	1	0	0	0
mmu-miR-6897-3p	0	0	0	0	1	0	0	0	0	1
mmu-miR-7241-3p	0	0	0	0	1	2	1	1	2	0
mmu-miR-1b-3p	0	0	0	0	1	0	0	1	0	0
mmu-miR-7223-5p	0	0	0	0	1	0	0	0	0	0
mmu-miR-1969	0	0	0	0	1	0	0	2	0	2
mmu-miR-23b-5p	0	0	0	0	1	2	0	0	2	1
mmu-miR-542-3p	0	0	0	0	1	0	0	0	3	0
mmu-mir-29c	0	0	0	0	0.5	0	0	0	0	0.5
mmu-mir-23a	0	0	0	0	0.5	0	0	0	0	0
mmu-mir-145b	0	0	0	0	0.5	0	0	0	0	0
mmu-let-7g-3p	0	0	0	0	0	2	1	0	0	2
mmu-miR-6962-5p	0	0	0	0	0	2	0	0	0	0
mmu-miR-3094-5p	0	0	0	0	0	1	0	0	0	0
mmu-miR-758-3p	0	0	0	0	0	1	0	0	1	0
mmu-miR-543-5p	0	0	0	0	0	1	0	0	1	0
mmu-miR-6959-5p	0	0	0	0	0	1	0	0	0	0
mmu-let-7e	0	0	0	0	0	1	0	0	0	0.5
mmu-miR-294-5p	0	0	0	0	0	1	0	0	0	0
mmu-miR-7069-3p	0	0	0	0	0	1	0	0	0	0
mmu-miR-551b-5p	0	0	0	0	0	1	0	0	0	0
mmu-miR-6406	0	0	0	0	0	1	0	0	0	0
mmu-miR-6976-5p	0	0	0	0	0	1	0	0	0	0
mmu-miR-1941-3p	0	0	0	0	0	1	0	0	1	0
mmu-miR-467h	0	0	0	0	0	1	0	0	0	0
mmu-miR-1932	0	0	0	0	0	1	0	0	1	0
mmu-miR-7227-3p	0	0	0	0	0	1	0	0	1	0
mmu-miR-7007-5p	0	0	0	0	0	1	0	0	1	0
mmu-miR-5112	0	0	0	0	0	1	0	0	0	0
mmu-miR-7015-3p	0	0	0	0	0	1	1	3	1	0
mmu-miR-6976-3p	0	0	0	0	0	1	0	0	0	0
mmu-miR-7020-5p	0	0	0	0	0	1	0	0	0	0
mmu-miR-204-3p	0	0	0	0	0	1	1	0	1	1
mmu-miR-669a-3-3p	0	0	0	0	0	1	0	0	1	0
mmu-miR-1960	0	0	0	0	0	1	0	0	1	0
mmu-miR-3069-3p	0	0	0	0	0	1	0	0	0	0
mmu-miR-3087-3p	0	0	0	0	0	1	0	0	1	1
mmu-miR-3076-3p	0	0	0	0	0	1	0	0	0	1
mmu-miR-6983-3p	0	0	0	0	0	1	0	0	0	1
mmu-miR-3060-3p	0	0	0	0	0	1	0	0	2	5
mmu-miR-7661-3p	0	0	0	0	0	1	0	1	0	0
mmu-mir-378b	0	0	0	0	0	0.333333333333333	0	0	0	0
mmu-miR-5621-3p	0	0	0	0	0	0	3	0	0	0
mmu-miR-344d-3p	0	0	0	0	0	0	2	0	0	0
mmu-miR-1970	0	0	0	0	0	0	1	0	1	1
mmu-miR-667-5p	0	0	0	0	0	0	1	0	0	0
mmu-miR-23a-5p	0	0	0	0	0	0	1	3	0	2
mmu-miR-1224-3p	0	0	0	0	0	0	1	0	0	0
mmu-miR-320-5p	0	0	0	0	0	0	1	0	0	0
mmu-miR-1193-5p	0	0	0	0	0	0	1	0	0	0
mmu-miR-3064-3p	0	0	0	0	0	0	1	1	0	1
mmu-miR-1943-3p	0	0	0	0	0	0	1	0	0	0
mmu-miR-493-5p	0	0	0	0	0	0	1	0	1	0
mmu-miR-7026-5p	0	0	0	0	0	0	1	0	1	0
mmu-miR-6918-5p	0	0	0	0	0	0	1	0	0	1
mmu-miR-3572-5p	0	0	0	0	0	0	1	0	0	0
mmu-miR-702-5p	0	0	0	0	0	0	1	0	0	0
mmu-miR-6913-3p	0	0	0	0	0	0	1	0	2	0
mmu-miR-7010-5p	0	0	0	0	0	0	1	0	0	0
mmu-miR-292a-3p	0	0	0	0	0	0	1	0	2	0
mmu-miR-3083-3p	0	0	0	0	0	0	1	0	0	0
mmu-miR-7667-3p	0	0	0	0	0	0	1	0	0	0
mmu-miR-1b-5p	0	0	0	0	0	0	1	0	1	1
mmu-miR-7011-3p	0	0	0	0	0	0	1	0	0	0
mmu-miR-384-5p	0	0	0	0	0	0	1	2	1	1
mmu-miR-7027-3p	0	0	0	0	0	0	1	0	0	0
mmu-miR-467a-5p	0	0	0	0	0	0	1	0	0	0
mmu-miR-551b-3p	0	0	0	0	0	0	1	0	0	0
mmu-miR-21c	0	0	0	0	0	0	1	1.5	1	0
mmu-miR-6908-3p	0	0	0	0	0	0	1	0	0	0
mmu-miR-466n-3p	0	0	0	0	0	0	1	0	3	2
mmu-mir-30a	0	0	0	0	0	0	0.5	0	0	0
mmu-miR-5125	0	0	0	0	0	0	0	2	0	0
mmu-miR-3083-5p	0	0	0	0	0	0	0	2	1	0
mmu-miR-6952-5p	0	0	0	0	0	0	0	1	0	0
mmu-miR-1894-5p	0	0	0	0	0	0	0	1	0	0
mmu-miR-7025-5p	0	0	0	0	0	0	0	1	0	0
mmu-miR-193b-5p	0	0	0	0	0	0	0	1	0	0
mmu-miR-377-5p	0	0	0	0	0	0	0	1	0	0
mmu-miR-3572-3p	0	0	0	0	0	0	0	1	0	0
mmu-miR-7023-3p	0	0	0	0	0	0	0	1	0	0
mmu-miR-19b-1-5p	0	0	0	0	0	0	0	1	0	0
mmu-miR-130b-5p	0	0	0	0	0	0	0	1	0	0
mmu-miR-1188-5p	0	0	0	0	0	0	0	1	0	0
mmu-miR-216a-3p	0	0	0	0	0	0	0	1	0	0
mmu-miR-3082-3p	0	0	0	0	0	0	0	1	1	0
mmu-miR-6951-5p	0	0	0	0	0	0	0	1	0	0
mmu-miR-6945-3p	0	0	0	0	0	0	0	1	0	1
mmu-miR-6956-3p	0	0	0	0	0	0	0	1	1	0
mmu-miR-298-3p	0	0	0	0	0	0	0	1	0	1
mmu-miR-1936	0	0	0	0	0	0	0	1	0	0
mmu-miR-3066-3p	0	0	0	0	0	0	0	1	0	0
mmu-miR-1892	0	0	0	0	0	0	0	1	0	0
mmu-miR-1224-5p	0	0	0	0	0	0	0	1	0	0
mmu-miR-6935-5p	0	0	0	0	0	0	0	1	0	0
mmu-miR-6939-3p	0	0	0	0	0	0	0	1	1	1
mmu-miR-8120	0	0	0	0	0	0	0	1	0	0
mmu-miR-6995-3p	0	0	0	0	0	0	0	1	0	0
mmu-miR-541-3p	0	0	0	0	0	0	0	1	0	0
mmu-miR-7037-3p	0	0	0	0	0	0	0	1	0	0
mmu-miR-466q	0	0	0	0	0	0	0	1	0	0
mmu-miR-6929-5p	0	0	0	0	0	0	0	1	1	0
mmu-miR-6950-3p	0	0	0	0	0	0	0	1	0	0
mmu-miR-6938-3p	0	0	0	0	0	0	0	1	0	0
mmu-miR-3079-5p	0	0	0	0	0	0	0	1	1	0
mmu-miR-195b	0	0	0	0	0	0	0	1	3	0
mmu-miR-7014-5p	0	0	0	0	0	0	0	1	0	0
mmu-miR-7012-5p	0	0	0	0	0	0	0	1	0	0
mmu-miR-7680-3p	0	0	0	0	0	0	0	1	0	0
mmu-miR-7093-3p	0	0	0	0	0	0	0	1	0	0
mmu-miR-466m-5p|mmu-miR-669m-5p	0	0	0	0	0	0	0	1	0	0
mmu-miR-669n	0	0	0	0	0	0	0	1	0	0
mmu-mir-30e	0	0	0	0	0	0	0	0.5	0	0
mmu-mir-5615-2	0	0	0	0	0	0	0	0.5	0	0
mmu-mir-107	0	0	0	0	0	0	0	0.5	0	0
mmu-miR-466p-5p	0	0	0	0	0	0	0	0.5	0	0.25
mmu-miR-7075-3p	0	0	0	0	0	0	0	0	4	1
mmu-miR-384-3p	0	0	0	0	0	0	0	0	3	0
mmu-miR-694	0	0	0	0	0	0	0	0	2	1
mmu-miR-6979-3p	0	0	0	0	0	0	0	0	2	0
mmu-miR-452-3p	0	0	0	0	0	0	0	0	1	1
mmu-miR-3105-5p	0	0	0	0	0	0	0	0	1	0
mmu-miR-3098-3p	0	0	0	0	0	0	0	0	1	0
mmu-miR-291a-5p	0	0	0	0	0	0	0	0	1	0
mmu-miR-1971	0	0	0	0	0	0	0	0	1	0
mmu-miR-539-3p	0	0	0	0	0	0	0	0	1	0
mmu-miR-6952-3p	0	0	0	0	0	0	0	0	1	0
mmu-miR-1982-3p	0	0	0	0	0	0	0	0	1	1
mmu-miR-6967-3p	0	0	0	0	0	0	0	0	1	0
mmu-miR-7092-5p	0	0	0	0	0	0	0	0	1	1
mmu-miR-6897-5p	0	0	0	0	0	0	0	0	1	0
mmu-miR-6903-3p	0	0	0	0	0	0	0	0	1	1
mmu-miR-669d-2-3p|mmu-miR-669d-3p	0	0	0	0	0	0	0	0	1	0
mmu-miR-6993-5p	0	0	0	0	0	0	0	0	1	0
mmu-miR-7116-5p	0	0	0	0	0	0	0	0	1	0
mmu-miR-3547-3p	0	0	0	0	0	0	0	0	1	0
mmu-miR-692	0	0	0	0	0	0	0	0	1	0
mmu-miR-6395	0	0	0	0	0	0	0	0	1	0
mmu-miR-7216-5p	0	0	0	0	0	0	0	0	1	0
mmu-miR-7059-5p	0	0	0	0	0	0	0	0	1	0
mmu-miR-3473d	0	0	0	0	0	0	0	0	1	0
mmu-miR-7650-5p	0	0	0	0	0	0	0	0	1	0
mmu-miR-767	0	0	0	0	0	0	0	0	1	0
mmu-miR-6966-5p	0	0	0	0	0	0	0	0	1	0
mmu-miR-7067-3p	0	0	0	0	0	0	0	0	1	0
mmu-miR-7031-3p	0	0	0	0	0	0	0	0	1	0
mmu-miR-6900-3p	0	0	0	0	0	0	0	0	1	0
mmu-miR-7007-3p	0	0	0	0	0	0	0	0	1	1
mmu-miR-412-3p	0	0	0	0	0	0	0	0	1	0
mmu-miR-7240-3p	0	0	0	0	0	0	0	0	1	0
mmu-miR-466d-5p|mmu-miR-466n-5p	0	0	0	0	0	0	0	0	1	0
mmu-miR-1956	0	0	0	0	0	0	0	0	1	0
mmu-mir-100	0	0	0	0	0	0	0	0	0.5	0
mmu-mir-1843b	0	0	0	0	0	0	0	0	0.5	0
mmu-mir-182	0	0	0	0	0	0	0	0	0.5	0
mmu-mir-669e	0	0	0	0	0	0	0	0	0.5	0
mmu-miR-3058-5p	0	0	0	0	0	0	0	0	0	2
mmu-miR-6954-3p	0	0	0	0	0	0	0	0	0	2
mmu-miR-540-5p	0	0	0	0	0	0	0	0	0	2
mmu-miR-7085-5p	0	0	0	0	0	0	0	0	0	1
mmu-miR-155-3p	0	0	0	0	0	0	0	0	0	1
mmu-miR-1941-5p	0	0	0	0	0	0	0	0	0	1
mmu-miR-466f|mmu-miR-466f-5p	0	0	0	0	0	0	0	0	0	1
mmu-miR-7055-3p	0	0	0	0	0	0	0	0	0	1
mmu-miR-466m-3p	0	0	0	0	0	0	0	0	0	1
mmu-miR-6899-3p	0	0	0	0	0	0	0	0	0	1
mmu-miR-7042-3p	0	0	0	0	0	0	0	0	0	1
mmu-miR-370-5p	0	0	0	0	0	0	0	0	0	1
mmu-miR-6935-3p	0	0	0	0	0	0	0	0	0	1
mmu-miR-6902-3p	0	0	0	0	0	0	0	0	0	1
mmu-miR-7035-3p	0	0	0	0	0	0	0	0	0	1
mmu-miR-669h-5p	0	0	0	0	0	0	0	0	0	1
mmu-miR-8096	0	0	0	0	0	0	0	0	0	1
mmu-miR-7672-5p	0	0	0	0	0	0	0	0	0	1
mmu-miR-7668-3p	0	0	0	0	0	0	0	0	0	1
mmu-miR-3473e	0	0	0	0	0	0	0	0	0	1
mmu-miR-7008-3p	0	0	0	0	0	0	0	0	0	1
mmu-miR-7041-3p	0	0	0	0	0	0	0	0	0	1
mmu-miR-3072-5p	0	0	0	0	0	0	0	0	0	1
mmu-miR-487b-5p	0	0	0	0	0	0	0	0	0	1
mmu-miR-701-3p	0	0	0	0	0	0	0	0	0	1
mmu-miR-3077-3p	0	0	0	0	0	0	0	0	0	1
mmu-miR-3067-5p	0	0	0	0	0	0	0	0	0	1
mmu-mir-467b	0	0	0	0	0	0	0	0	0	0.283333333333333
mmu-miR-466a-5p|mmu-miR-466p-5p	0	0	0	0	0	0	0	0	0	0.25
mmu-mir-669f	0	0	0	0	0	0	0	0	0	0.2
mmu-mir-467a-9	0	0	0	0	0	0	0	0	0	0.0833333333333333
mmu-mir-467a-10	0	0	0	0	0	0	0	0	0	0.0833333333333333
mmu-mir-467a-2	0	0	0	0	0	0	0	0	0	0.0833333333333333
mmu-mir-467c	0	0	0	0	0	0	0	0	0	0.0833333333333333
mmu-mir-467a-3	0	0	0	0	0	0	0	0	0	0.0833333333333333
mmu-mir-467a-5	0	0	0	0	0	0	0	0	0	0.0833333333333333
mmu-mir-467e	0	0	0	0	0	0	0	0	0	0.0833333333333333
mmu-mir-467a-8	0	0	0	0	0	0	0	0	0	0.0833333333333333
mmu-mir-467a-1	0	0	0	0	0	0	0	0	0	0.0833333333333333
mmu-mir-467a-7	0	0	0	0	0	0	0	0	0	0.0833333333333333
