##FastQC	0.10.1
>>Basic Statistics	pass
#Measure	Value	
Filename	20190308sample6-trimmed.fastq	
File type	Conventional base calls	
Encoding	Sanger / Illumina 1.9	
Total Sequences	1732852	
Filtered Sequences	0	
Sequence length	15-32	
%GC	53	
>>END_MODULE
>>Per base sequence quality	pass
#Base	Mean	Median	Lower Quartile	Upper Quartile	10th Percentile	90th Percentile
1	33.03972930175225	34.0	33.0	34.0	32.0	34.0
2	33.27599875811668	34.0	33.0	34.0	32.0	34.0
3	33.25228351873097	34.0	33.0	34.0	32.0	34.0
4	33.10379882413501	34.0	33.0	34.0	31.0	34.0
5	33.29768843501926	34.0	33.0	34.0	33.0	34.0
6	34.469754485668716	38.0	35.0	38.0	26.0	38.0
7	34.03021319766489	38.0	34.0	38.0	16.0	38.0
8	34.531361593488654	38.0	34.0	38.0	27.0	38.0
9	34.779030753924744	38.0	35.0	38.0	28.0	38.0
10	35.173328708972264	38.0	36.0	38.0	29.0	38.0
11	35.27531549145571	38.0	36.0	38.0	29.0	38.0
12	35.081861578484485	38.0	36.0	38.0	28.0	38.0
13	34.98888075842599	38.0	35.0	38.0	28.0	38.0
14	35.2140327044664	38.0	36.0	38.0	28.0	38.0
15	35.089190536756746	38.0	36.0	38.0	28.0	38.0
16	35.16846880260192	38.0	36.0	38.0	28.0	38.0
17	35.17342937723912	38.0	36.0	38.0	28.0	38.0
18	35.225031778186015	38.0	36.0	38.0	28.0	38.0
19	34.87548112971757	38.0	35.0	38.0	27.0	38.0
20	35.43231762422449	38.0	36.0	38.0	29.0	38.0
21	34.876069989256166	38.0	36.0	38.0	27.0	38.0
22	35.332263580321005	38.0	36.0	38.0	28.0	38.0
23	35.46813214645652	38.0	36.0	38.0	29.0	38.0
24	35.6624330885503	38.0	36.0	38.0	29.0	38.0
25	35.56983741452567	38.0	36.0	38.0	29.0	38.0
26	34.570514423698846	38.0	34.0	38.0	27.0	38.0
27	35.28951594135443	38.0	36.0	38.0	28.0	38.0
28	34.82802097891589	38.0	35.0	38.0	27.0	38.0
29	35.27120229007634	38.0	35.0	38.0	28.0	38.0
30	34.9141664758124	38.0	35.0	38.0	27.0	38.0
31	34.57617098681219	38.0	35.0	38.0	27.0	38.0
32	34.12837171052632	38.0	34.0	38.0	25.0	38.0
>>END_MODULE
>>Per sequence quality scores	pass
#Quality	Count
15	1.0
16	3.0
17	16.0
18	51.0
19	182.0
20	621.0
21	1285.0
22	2689.0
23	4615.0
24	7587.0
25	11645.0
26	17252.0
27	24785.0
28	34080.0
29	45651.0
30	61210.0
31	80664.0
32	105622.0
33	139055.0
34	194896.0
35	274045.0
36	616374.0
37	110523.0
>>END_MODULE
>>Per base sequence content	fail
#Base	G	A	T	C
1	14.242440687046523	14.439707926713808	42.46418361267498	28.85366777356469
2	40.62233820314718	21.70739336077172	19.643974211300215	18.02629422478088
3	27.916694559027544	20.83380461805163	12.004660524961162	39.24484029795966
4	37.602179993755946	21.885807707422863	16.51765387520782	23.994358423613367
5	22.168888057707104	33.58996070934439	23.30841519608098	20.93273603686753
6	37.64210676964911	13.4763961376967	17.337141313857156	31.544355778797033
7	35.14933762375552	13.802101968315817	20.48126441265613	30.56729599527253
8	23.002830016643085	17.588287978430934	42.605254228289546	16.803627776636436
9	30.899465159171125	17.434495271379205	20.221634623153044	31.44440494629663
10	32.16085071117673	28.685532115778162	18.940570026350994	20.213047146694123
11	43.41842234651315	21.161876490317695	15.621645703152954	19.798055460016204
12	25.811731031139633	36.75584589460077	18.905034509822027	18.527388564437572
13	26.496319362530674	17.19414006504883	29.145535798787204	27.164004773633295
14	29.35755621368703	14.114938840708843	19.21225817323118	37.315246772372944
15	27.317162689023643	36.81601198486656	16.95424652538128	18.91257880072851
16	32.03305115946695	29.867023697442228	17.580369285028212	20.519555858062606
17	22.320375028584497	39.07706380059456	17.429910816373198	21.172650354447747
18	22.642687423923245	28.507301122454937	22.198646226817644	26.65136522680417
19	26.489731733733237	33.186599183537446	25.56058901941181	14.763080063317505
20	23.421939367593655	31.31475288563835	30.21591603844213	15.047391708325867
21	31.271577448042194	33.23694960791895	17.17988962738928	18.31158331664958
22	19.854117434088195	41.20838145910113	27.775143295088515	11.162357811722158
23	12.101320993158907	55.83656304332341	11.523534890101917	20.53858107341577
24	18.57033437333668	42.40054697540774	27.79751524304489	11.23160340821069
25	10.43379624585846	37.00181362590601	35.37788145423318	17.186508674002347
26	10.155839003734272	32.290669495399	18.45834087949428	39.095150621372454
27	13.36141690134289	27.84927967975423	30.859729559894806	27.929573859008077
28	23.20975037946529	25.752543544581535	6.4862265370222865	44.551479538930884
29	50.99045801526717	28.643129770992363	5.362595419847328	15.00381679389313
30	7.143402468507444	30.825804809772233	8.247868685583407	53.78292403613691
31	5.361892762144757	60.88478230435391	15.767184656306874	17.98614027719446
32	0.15625	99.47368421052632	0.337171052631579	0.03289473684210526
>>END_MODULE
>>Per base GC content	fail
#Base	%GC
1	43.09610846061121
2	58.648632427928064
3	67.16153485698722
4	61.59653841736932
5	43.10162409457464
6	69.18646254844614
7	65.71663361902806
8	39.80645779327952
9	62.343870105467744
10	52.373897857870844
11	63.21647780652935
12	44.3391195955772
13	53.660324136163965
14	66.67280298605998
15	46.22974148975215
16	52.55260701752956
17	43.49302538303224
18	49.294052650727416
19	41.25281179705074
20	38.46933107591952
21	49.58316076469177
22	31.016475245810355
23	32.63990206657468
24	29.801937781547373
25	27.620304919860807
26	49.250989625106726
27	41.290990760350965
28	67.76122991839618
29	65.9942748091603
30	60.92632650464436
31	23.348033039339214
32	0.18914473684210525
>>END_MODULE
>>Per sequence GC content	fail
#GC Content	Count
0	0.0
1	0.0
2	0.0
3	1.5
4	3.0
5	3.0
6	3.0
7	3.5
8	15.5
9	41.5
10	73.5
11	93.0
12	96.5
13	111.0
14	151.0
15	225.5
16	334.5
17	515.5
18	806.5
19	1140.0
20	1545.0
21	2141.0
22	2879.5
23	4242.0
24	5767.5
25	7072.0
26	9057.5
27	10577.0
28	15753.0
29	22864.5
30	29784.0
31	39920.5
32	48769.0
33	56804.0
34	73966.0
35	89777.5
36	96731.5
37	127770.0
38	162577.0
39	177839.5
40	191267.5
41	192496.0
42	194254.5
43	207701.0
44	221707.0
45	241938.5
46	252150.0
47	261410.0
48	278453.5
49	282916.0
50	297804.0
51	312692.0
52	304055.0
53	288293.0
54	275834.5
55	259843.5
56	255793.5
57	306196.5
58	346165.5
59	334100.5
60	313579.0
61	292132.5
62	290348.5
63	235675.5
64	169844.5
65	162591.0
66	157739.5
67	153542.0
68	126831.0
69	96290.0
70	81562.5
71	71040.5
72	67423.5
73	63557.5
74	57491.0
75	52839.0
76	49903.0
77	46072.5
78	40482.0
79	34123.5
80	30738.0
81	28557.0
82	25657.0
83	21495.0
84	17241.5
85	14842.0
86	12953.5
87	11859.5
88	11051.5
89	9626.0
90	7286.5
91	4623.5
92	2788.5
93	1943.0
94	1582.5
95	1524.0
96	1523.0
97	785.0
98	25.0
99	3.0
100	3.0
>>END_MODULE
>>Per base N content	pass
#Base	N-Count
1	0.0394724996710625
2	0.0
3	0.0
4	1.7312499855729168E-4
5	0.021871458151071183
6	0.0
7	0.0
8	0.0
9	0.0
10	0.00519374995671875
11	0.0
12	6.924999942291667E-4
13	0.0
14	0.0
15	0.0
16	0.0
17	0.0
18	0.0
19	0.0
20	0.0
21	0.0
22	0.0
23	2.6382857474527353E-4
24	0.0
25	0.0
26	0.001724807037212712
27	0.006981615080288574
28	0.0030055753422598918
29	0.0
30	0.005089447031580019
31	0.0524714030853185
32	0.0
>>END_MODULE
>>Sequence Length Distribution	warn
#Length	Count
15	260710.0
16	160242.0
17	198715.0
18	152945.0
19	173499.0
20	132412.0
21	146112.0
22	129183.0
23	147945.0
24	75048.0
25	40086.0
26	30015.0
27	19397.0
28	14143.0
29	13103.0
30	10710.0
31	16427.0
32	12160.0
>>END_MODULE
>>Sequence Duplication Levels	fail
#Total Duplicate Percentage	89.92948226263033
#Duplication Level	Relative count
1	100.0
2	18.99357683098324
3	7.874273117707423
4	4.680931929611189
5	3.0435939340960054
6	2.236327011516096
7	1.6593820075253696
8	1.3310022424081183
9	1.0847174185701798
10++	11.123864543346889
>>END_MODULE
>>Overrepresented sequences	fail
#Sequence	Count	Percentage	Possible Source
CGCGACCTCAGATCA	101374	5.850124534582295	No Hit
TGGACGGTGTGAGGCCA	41425	2.390567688411936	No Hit
CGCGACCTCAGATCAGACGTA	33755	1.9479447754337937	No Hit
TACCTGGTTGATCCTGCCA	33232	1.9177633173519721	No Hit
TCAGTGCACTACAGAACTTTGTA	16834	0.971462075237816	No Hit
CGCGACCTCAGATCAGACGA	15685	0.9051552007903734	No Hit
TGGACGGTGTGAGGCTA	14491	0.8362514513645712	No Hit
TGGAAGTCGGAATCCA	11313	0.652854369559547	No Hit
TACCTGGTTGATCCTGCA	10468	0.6040908282992431	No Hit
TACCTGGTTGATCCTGCTA	9870	0.5695812452534896	No Hit
CGCGACCTCAGATCAGAA	9435	0.5444781204626823	No Hit
CGCGACCTCAGATCAGACGTGGCA	8785	0.5069677041086025	No Hit
TGGACGGTGTGAGGCCGA	7201	0.41555770487035243	No Hit
CGACTCTTAGCGGTGGATCA	7193	0.415096038207533	No Hit
CGCGACCTCAGATTA	6809	0.39293603839219965	No Hit
CGACTCTTAGCGGTGGATA	6306	0.3639087469674271	No Hit
TTCAAGTAATCCAGGATAGGCTA	6302	0.36367791363601737	No Hit
TACCCTGTAGAACCGAATTTGTA	6285	0.36269687197752604	No Hit
TACCCTGTAGATCCGAATTTGTA	6232	0.3596383303363473	No Hit
CTCTCGGCGCCCCCTCGATGCTCTA	6209	0.3583110386807413	No Hit
AACCCGTAGATCCGATCTTGTA	6197	0.35761853868651217	No Hit
CGACTCTTAGCGGTGA	5997	0.34607687211602606	No Hit
TGAAACTGCGAATGGCA	5588	0.32247416397938194	No Hit
CGCGACCTCAGATCAGACA	5143	0.29679395586005036	No Hit
TGGACGGTGTGAGGCAA	5113	0.29506270587447747	No Hit
TCGGAGGTTCGAAGACGAA	5087	0.29356228922031424	No Hit
CGCGACCTCAGATCAGACGCA	4879	0.2815589559870087	No Hit
TCGGAGGTTCGAAGACGATCA	4474	0.2581870811817743	No Hit
TAGCTTATCAGACTGATGTTGA	4235	0.2443947896300434	No Hit
TACCTGGTTGATCCA	4188	0.24168249798597918	No Hit
CTCTCGGCGCCCCCTCGATGCTCTTA	4150	0.23948958133758683	No Hit
TGAGATGAAGCACTGTAGCTCA	3995	0.2305447897454601	No Hit
GCATTGGTGGTTCAGTGGTAGAATTCTCGCA	3920	0.2262166647815278	No Hit
CGCGACCTCAGATCAGACGTGA	3889	0.22442770646310242	No Hit
TACCTGGTTGATCCTGCAA	3824	0.22067666482769444	No Hit
TGAGATGAAGCACTGTAGCTCTA	3786	0.2184837481793021	No Hit
TAATACTGCCTGGTAATGATGA	3674	0.21202041489982987	No Hit
TGGAAGTCGGAATCCGA	3427	0.19776645668527953	No Hit
TAGCTTATCAGACTGATGTTGAA	3323	0.19176479006862676	No Hit
GTGGACGGTGTGAGGCCA	3323	0.19176479006862676	No Hit
TACCTGGTTGATCCTA	3322	0.19170708173577433	No Hit
CTGAGTGTCCCGCGA	3184	0.1837433318021389	No Hit
TACCTGGTTGATCCTGA	3170	0.18293541514220488	No Hit
TCGGAGGTTCGAAGACGA	3154	0.182012081816566	No Hit
TGATCCTTCGATGTCGGCTA	3100	0.17889583184253474	No Hit
CTCTCGGCGCCCCCTCGATGCTCA	3058	0.17647208186273267	No Hit
TACCTGGTTGATCCTGCCAA	2929	0.16902770692476912	No Hit
TCGGAGGTTCGAAGACGATA	2876	0.1659691652835903	No Hit
TGAGGTAGTAGATTGTATAGTTA	2818	0.1626220819781493	No Hit
CGCGACCTCAGATCAA	2817	0.16256437364529688	No Hit
CGCGACCTCAGATCAGACGTGGA	2804	0.1618141653182153	No Hit
TTCGAACGTCTGCCCA	2686	0.15500458204162848	No Hit
TTCTGATCGAGGCCCAGCCA	2654	0.1531579153903507	No Hit
TGGAAGTCGGAATCTA	2625	0.1514843737376302	No Hit
TGGACGGTGTGAGGCA	2590	0.14946458208779514	No Hit
CGACTCTTAGCGGTGGATCACTA	2578	0.148772082093566	No Hit
GCATTGGTGGTTCAGTGGTAGAATTCTCGCCA	2550	0.14715624877369793	No Hit
TCGTGTGGAACCTGGCGA	2521	0.14548270712097744	No Hit
CGCGACCTCAGATCAGACGTGGCGACCCGCTA	2424	0.13988499883429167	No Hit
TGATGGGGATCGGGGAA	2371	0.13682645719311287	No Hit
CGCGACCTCAGATAA	2261	0.1304785405793455	No Hit
TCAGTGCACTACAGAACTTTGCA	2176	0.12557333228688888	No Hit
GACTCTTAGCGGTGGATCACTCA	2152	0.12418833229843056	No Hit
TACCTGGTTGATCCTGCCAGTA	2081	0.120091040665908	No Hit
TAATACTGCCGGGTAATGATGA	2046	0.11807124901607292	No Hit
CGCGACCTCAGATCAGACAA	1996	0.1151858323734514	No Hit
TGGACGGTGTGAGGCCGGA	1996	0.1151858323734514	No Hit
GACGGTGTGAGGCCA	1950	0.11253124906223959	No Hit
TGGAAGTCGGAATCA	1878	0.1083762490968646	No Hit
CGCGACCTCAGATCAGA	1866	0.10768374910263544	No Hit
TTTTCGGAACTGAGGA	1866	0.10768374910263544	No Hit
GTGAAACTGCGAATGGCA	1810	0.1044520824628993	No Hit
CGACTCTTAGCGGTGGAA	1790	0.10329791580585071	No Hit
GCATTGGTGGTTCAGTGGTAGAATTCTCA	1787	0.1031247908072934	No Hit
CGCGACCTCAGATCAGACGTGGTA	1737	0.10023937416467188	No Hit
>>END_MODULE
>>Kmer Content	fail
#Sequence	Count	Obs/Exp Overall	Obs/Exp Max	Max Obs/Exp Position
TCAGA	362415	14.019073	143.85696	8
CCTCA	238070	11.307622	167.26938	6
ACCTC	236310	11.224028	167.56479	5
GATCA	273170	10.566863	130.6279	11
AGATC	251430	9.725909	130.363	10
CTCAG	243955	9.722158	140.48373	7
CGACC	266840	9.652735	128.9461	3
GACCT	239410	9.541029	140.45164	4
CAGAT	233425	9.029434	136.06851	9
GCGAC	256320	7.7797976	108.37665	2
CGCGA	246360	7.4774933	107.7752	1
TGGTT	150465	6.291032	55.315063	5
ACTCT	111210	5.81921	30.905176	3
ATCCT	104835	5.48563	62.8835	11
TGATC	124540	5.467836	57.140347	9
GATCC	137130	5.46494	59.604652	10
TTGAT	107840	5.2160296	62.727398	8
TCTTA	88405	5.096248	64.240585	22
CGGTG	175020	5.0588675	36.115196	5
CTCTT	84185	4.9997506	48.67535	21
ATCAG	126840	4.906472	75.666336	12
TGTGA	131405	4.840663	45.60334	8
TACCT	88475	4.6295714	69.76558	1
CCTGG	133590	4.6020694	49.563572	3
CTGGT	120945	4.590085	53.992733	4
ACCTG	111415	4.44014	53.243664	2
GACTC	108215	4.312612	23.60613	2
GTTGA	114545	4.2195787	48.566723	7
TCCTG	88520	4.0039425	61.20649	12
CAGAC	113540	3.986653	80.15484	14
TGAGG	139135	3.9035723	35.574936	10
GGTGT	121780	3.8778868	39.720802	6
TGGAC	114580	3.8313181	42.203506	1
GTGTG	120060	3.8231168	39.725777	7
AGACG	127935	3.7690794	71.88451	15
ACGGT	110880	3.7075977	41.291496	4
GAGGC	144775	3.6869373	31.751423	11
CTTAG	82455	3.6201248	25.323463	6
TCGGA	107310	3.5882244	26.004581	26
CCTGC	85540	3.5120614	58.513798	13
AGGCC	113600	3.4479752	31.610346	12
CTGCC	82730	3.3966897	43.5997	14
TTTGT	59905	3.2886424	100.58365	18
GTGGT	103215	3.286715	24.832262	15
AACTG	84205	3.2572496	9.308377	4
GTGGA	115055	3.2279835	17.583336	13
GAATT	75055	3.1985	145.07039	21
GTCGG	110625	3.1975615	15.198823	6
AACGA	93405	3.1833901	7.065373	2
GTGAG	113325	3.1794462	36.019398	9
TGGAT	86000	3.1680455	22.852407	14
CTGTA	71545	3.1411295	16.932018	5
GACGG	122800	3.1273072	32.030434	3
TTCGA	70960	3.1154451	16.549011	8
GGTTG	97705	3.1112576	41.671555	6
GGTTC	81495	3.0928848	13.458121	6
TTAGC	68255	2.9966846	25.285774	7
GGACG	113900	2.9006538	32.06621	2
TTGTA	59740	2.889518	108.71066	19
GTAGA	88495	2.872224	35.34297	18
CCCTG	69450	2.8514457	16.173851	3
TGGTA	74360	2.7392542	27.897333	16
GAACT	70525	2.7280746	23.902702	14
CGACT	66490	2.649777	23.453722	1
CCTGT	57485	2.6001651	17.65946	4
CTTTG	52015	2.5919619	46.06706	17
TCCGA	64495	2.5702717	11.702618	11
AAGTC	66275	2.5636747	17.898172	4
CGAAT	66155	2.5590327	25.830341	14
TGCCA	63870	2.545364	49.076977	15
TCGGC	73085	2.5177202	55.7065	26
AACTT	49055	2.4915156	34.40897	15
AATCC	53550	2.468802	16.840742	11
GACGT	73325	2.451836	71.98653	16
GGCCA	80590	2.4460592	29.005451	13
TCAGT	55560	2.43932	17.181002	12
GCGGT	84310	2.4369392	17.881042	10
ACTGT	54565	2.3956354	13.753673	12
TGGAA	73715	2.3925192	15.847044	1
TGTAG	64480	2.3752975	14.62694	6
AGAAC	69085	2.3545253	17.171316	13
GAGGT	83255	2.3358023	10.355769	4
AGCGG	90935	2.3158116	15.342914	9
GGTGG	94905	2.3016596	13.506461	12
CCCCC	51775	2.2997096	13.231022	10
TGAAA	61220	2.2986171	9.1970415	1
TAGCG	67475	2.2562244	19.273787	8
ACTTT	39040	2.2505236	44.625206	16
TCTCG	48960	2.214562	335.88187	25
TCGAA	56990	2.2045085	14.08261	9
ATCCG	54675	2.1789224	12.549168	10
CAGTG	64900	2.1701217	14.373881	13
AATTC	42470	2.1570618	226.81084	22
GAAAC	62915	2.144242	8.3981085	2
GAACG	72570	2.1379771	6.031586	5
AGTCG	62485	2.0893688	15.448097	5
TTGGT	49870	2.0850947	12.002878	4
ACCCT	43790	2.0798957	18.250877	2
TGATG	56285	2.0734124	18.504469	17
ACTGC	51815	2.064945	18.063093	5
AATTT	36710	2.0540845	45.62881	16
CGGAA	69350	2.043113	13.840788	8
ATAAC	45225	2.0237904	6.185201	12
GTTCA	45330	1.9901799	14.366461	10
AGACT	50835	1.9664185	12.775478	10
TGTGG	61650	1.9631447	6.970627	17
GGAAT	60370	1.959389	15.488677	9
ATTTG	40420	1.9550438	43.807484	17
GGCTA	57685	1.928867	19.973703	19
TCGAT	43930	1.9287137	21.40547	15
CTCTC	35525	1.9151118	16.10517	1
GGATC	57225	1.9134854	16.891083	15
AAACT	42585	1.9056518	10.349178	3
TAGAA	50650	1.901747	55.44984	19
GTAAT	44480	1.8955338	13.529622	13
GATAA	50060	1.8795942	5.9332695	11
ATTCT	32600	1.8792794	333.88013	23
TCTGA	42660	1.8729551	8.070209	2
AGGTT	50705	1.8678573	12.734617	5
ACTGA	47955	1.8550133	10.032477	12
CCGAA	52400	1.8398857	18.027018	13
GGATA	56515	1.8342699	13.443967	14
GAATC	47125	1.8229069	17.635715	10
TAGAT	42710	1.8201045	11.59331	7
CTGGC	52780	1.8182291	5.517675	12
GTAGT	49285	1.8155482	10.123865	5
CGATG	54250	1.8140078	19.9816	16
GGAGG	84280	1.8008732	8.409084	3
GCTCT	39710	1.7961652	62.485683	20
CGGAG	70445	1.7939997	9.233049	2
TTCTC	30020	1.7828888	419.0569	24
CTGTG	46720	1.7731099	8.503807	16
ACGAA	51965	1.7710494	5.8417015	3
TCTGG	46240	1.7548928	5.2908387	14
GCACT	43955	1.7517062	14.156914	6
CCCTC	35280	1.7263745	16.448183	12
GACGA	58525	1.7241988	18.393543	16
TGGCA	51540	1.7233909	38.5489	20
GTCTG	45395	1.7228237	8.606901	8
GGTAG	61175	1.7163256	23.692984	17
CTCTA	32730	1.7126405	61.9615	21
CGTGG	58310	1.685422	34.177937	18
TAACT	33130	1.682681	9.789047	13
CAGAA	49180	1.6761321	15.158791	12
CGGCG	63770	1.6731251	22.318153	27
AGTGG	59615	1.6725583	19.286943	14
CTCTG	36965	1.6720033	5.754395	13
ATCCA	36085	1.6636175	10.712175	12
ACGTA	42720	1.6525111	57.559666	17
CGATC	40920	1.6307547	9.548804	13
TAGCT	36675	1.6101885	22.27385	16
CTGAT	36655	1.6093103	11.528232	13
TGGCG	55140	1.5937947	23.31069	20
CACTA	34545	1.5926192	16.085878	7
CTGCG	45950	1.582941	8.247987	6
TGGTG	48985	1.5598482	12.474517	5
ACCCG	42755	1.5466297	100.3597	25
CCCGC	41495	1.546447	121.55166	26
CCGGG	58735	1.5410227	5.9746947	9
CTCGG	44695	1.5397073	20.58691	20
GGCGC	58640	1.53853	7.915662	6
GTTCG	40500	1.5370494	13.081984	7
GATGA	47355	1.5369698	20.117378	18
AAGAC	44510	1.5169709	12.92081	12
CCCCT	30940	1.514003	13.888187	11
GCTCA	37910	1.5107993	23.445831	20
TGCGA	44960	1.5033693	7.9510636	7
TACAG	38740	1.4985552	13.726394	10
TACCC	31510	1.496632	18.69949	1
GATGT	40520	1.492665	14.749871	15
GAATG	45970	1.4920177	7.150374	10
ACGTG	44505	1.4881551	36.639744	17
TTCAG	33200	1.4576211	14.043659	11
CCTCG	35395	1.4532313	15.073594	13
GTGGC	49650	1.4351089	34.13087	19
GAACC	40630	1.4266136	7.93828	10
GATCT	32365	1.4209609	11.766396	14
CTCGA	35390	1.4103715	52.83827	26
GAAGA	49315	1.4102143	10.115506	11
AGGCT	42060	1.4063993	14.428343	18
CTACA	30470	1.4047506	16.21199	9
ATGCT	31810	1.3965943	40.982506	18
GCCCC	37445	1.3955104	10.894954	9
TTGAA	32700	1.393524	13.644039	19
TCACT	26490	1.3861243	26.320925	18
ATGAA	36860	1.3839762	9.16114	5
CCTAC	29105	1.3824016	5.5386577	3
ACTTG	31285	1.3735445	5.23532	6
GGTAA	42315	1.3733898	12.7040825	12
CTACT	26205	1.3712113	6.007865	4
TCCTT	22915	1.3609227	5.748077	4
GAAGT	41785	1.356188	14.913543	3
TCCCT	25005	1.3479906	11.605319	1
GGCCG	51100	1.340704	6.2918925	13
TCCTA	25595	1.3392922	5.975191	2
TTTGA	27580	1.3339957	13.875373	18
CTTGG	34760	1.3192058	5.132686	7
GGATT	35635	1.3127127	45.267334	22
CATTG	29825	1.3094442	12.723859	2
CTCGC	31815	1.3062453	321.69452	26
AATGG	40215	1.3052318	6.7017035	11
AACCT	28310	1.3051686	5.5910854	9
TTTTC	19825	1.2971207	6.46276	1
GGTTA	35165	1.295399	10.20517	17
ATCAC	27885	1.2855748	18.93922	17
AGAAT	34065	1.2790327	86.83309	20
TTCCG	28235	1.2771274	5.075321	1
CGCCC	34050	1.2689847	11.246873	8
GACCC	35040	1.2675452	87.37884	24
GACTG	37805	1.2641208	7.3218837	11
GCGCC	40080	1.2532951	9.346258	7
CTGCA	31340	1.2489699	15.964985	14
TCTCA	23780	1.2443199	82.16468	25
TTCAA	24480	1.2433453	14.71345	1
CGAAG	42145	1.2416296	10.417377	10
TACTT	21470	1.2376726	6.488231	5
TGCTC	27270	1.2334784	52.414165	19
GATGC	36845	1.2320205	23.640766	17
GCGAA	41605	1.2257205	6.9548807	8
AGGAT	37730	1.2245775	30.628704	21
CAAGT	31620	1.2231368	9.38386	3
CAGGA	41325	1.2174716	9.112729	12
TGTTG	29060	1.2150161	18.279116	17
TGCAC	30395	1.2113096	14.02246	5
AAGCA	35295	1.2029094	8.952662	8
GATTA	28195	1.2015415	6.2964745	23
GATCG	35725	1.19457	6.0367374	5
CTGAA	30855	1.1935446	5.0823803	14
GGTCG	41290	1.1934671	5.9176755	4
TCGCT	26220	1.1859847	42.56031	27
GGAAG	47885	1.1836731	11.686304	2
ACTAC	25665	1.1832267	16.14003	8
CGCTA	29675	1.1826159	318.0951	28
GGCGA	46350	1.1803802	52.521225	28
GCCGA	38630	1.1724938	6.762023	14
CACTC	24620	1.1693773	21.136442	18
CCGCT	28455	1.1682919	100.873375	27
TAGTT	24000	1.1608374	12.466055	18
TAGTA	27005	1.1508293	11.37049	6
TTCTG	22960	1.1441208	9.532929	1
CGTGA	34205	1.1437443	7.9183183	18
GCATT	25965	1.139974	16.03029	1
GGCTC	33070	1.1392353	14.144589	23
TGAAG	35050	1.1375948	8.107717	6
TTCGG	29750	1.1290671	71.14017	25
TGAGA	34690	1.1259105	9.569558	1
ACGAT	29030	1.1229495	10.29297	15
CCCGT	27340	1.122513	8.655751	3
TTGTG	26825	1.1215693	13.755109	18
TGTCT	22355	1.113973	5.2809634	7
CGGCT	32225	1.1101255	21.58426	22
GCCCA	30670	1.1094638	8.139464	12
AGCTC	27425	1.0929482	20.774466	17
ATCGA	28250	1.092777	6.731802	6
GTGCA	32585	1.0895749	12.295319	4
TACTG	24610	1.0804836	10.486132	4
CCGAT	27020	1.0768081	8.520525	12
TTTCG	21590	1.0758523	5.386877	2
AGGTA	32845	1.0660284	8.777888	3
TAGTG	28820	1.0616637	5.5402856	13
AGTGC	31555	1.0551338	12.464962	3
AACCG	29785	1.0458206	8.06117	11
TAATT	18545	1.0376736	13.130725	22
ATGAT	24265	1.0340631	19.88717	16
AGTAG	31635	1.0267562	8.718138	7
TAATA	20410	1.0061982	12.268257	1
AATGA	26745	1.00419	15.065512	15
TCTTG	20020	0.99761754	18.347086	16
CGGGT	34495	0.9970611	5.0076847	10
CACTG	24955	0.9945132	9.643852	11
AGATT	23280	0.9920868	9.534825	10
GTAGC	29490	0.98608464	14.904453	15
TTCTT	15040	0.9840451	8.005648	1
TGCTA	22345	0.9810405	14.346548	15
ACAGA	28655	0.9766077	12.662333	11
CGTAG	29180	0.9757188	6.634409	5
AAGTA	25925	0.9734016	9.1523485	4
ATGGC	28960	0.9683625	6.7867537	12
CCTTC	17900	0.9649683	5.061893	5
AATAC	21405	0.9578603	10.750851	2
GCTTA	21790	0.9566736	8.591089	3
TAATG	21870	0.93199915	15.409269	14
ATTGG	25260	0.9305213	8.413072	3
ATTCC	17750	0.9287922	5.195734	24
CGGTC	26755	0.9216885	5.3642554	3
CCGCC	24715	0.92108536	13.6371355	27
TGAAT	21475	0.9151661	5.283178	14
ATCTT	15860	0.91427517	17.489876	15
TAATC	17820	0.9050822	10.05178	7
CTGGA	26945	0.900985	7.4552183	28
TCTGC	19875	0.8989873	5.2701693	9
GAAGC	30245	0.8910447	8.023885	7
TTATC	15425	0.889199	11.253167	5
TCCGC	21260	0.87288314	6.3229585	13
TATCA	17160	0.87156063	9.885306	6
GAGAT	26775	0.8690184	7.9216323	2
ATTGT	17885	0.86506575	5.748107	12
ATACT	16940	0.86038685	11.98411	3
GCTAA	21945	0.8488847	8.169746	16
CCGTA	20995	0.83669823	7.9541807	27
ATCTA	16410	0.83346796	9.63712	23
TAGGA	25485	0.8271499	21.090765	20
GATTC	18775	0.8243022	66.37125	23
TCGAG	24530	0.82023245	5.730402	7
CTTGT	16350	0.81473756	19.669659	17
AGTGA	24910	0.80848736	11.610061	23
AGTAA	21275	0.79880875	9.0790825	5
CCCGA	21980	0.7951098	11.40176	26
TCAAG	20350	0.7871863	9.918267	2
AGCAC	22260	0.78160024	9.116554	9
TGGGT	24420	0.7776155	5.0044007	16
AGCTT	17570	0.7713976	8.717881	2
TGCCT	17025	0.7700759	6.382021	7
AGCTA	19795	0.7657175	7.500852	21
CTGCT	16880	0.76351726	12.006803	14
CTTAT	13210	0.7615117	11.244168	4
AGATG	23440	0.7607765	7.936832	3
TTGAC	17315	0.7602021	6.5993075	19
GACTA	19535	0.7556601	5.8673334	21
AACTA	16815	0.7524606	15.932955	22
ATGTT	15435	0.7465636	19.335415	16
TCGTA	16950	0.74417704	54.66395	27
GGCAA	24880	0.73298705	10.181191	28
CTCCT	13595	0.7328907	6.453012	1
CCCAG	19960	0.72203785	5.544835	13
CTCAA	15655	0.72173846	7.5814567	26
CAGTA	18635	0.7208461	7.264662	18
TCCAG	17985	0.71674293	8.135965	10
TAGGC	20955	0.7006919	14.956406	17
TCGTG	18405	0.6985036	5.3309097	26
CCAGG	23005	0.69824535	6.2411156	11
ATAGG	21370	0.693592	16.499416	16
AGAAA	20875	0.69056773	5.6307573	19
ATTCA	13500	0.68566835	14.613667	23
TTCCT	11460	0.6806098	5.8189535	25
TGTAT	14060	0.6800573	12.163232	14
ATTCG	15395	0.67590594	75.17854	24
ACCGA	19135	0.6718743	8.026291	12
AATTA	13405	0.6608567	11.227045	22
AGGAG	26665	0.65913427	11.057613	20
ACTCG	16470	0.65636677	19.653803	20
CAGCC	18065	0.6534877	5.592004	15
TCGCC	15785	0.64809316	159.40724	27
CTAAG	16670	0.6448352	8.451758	17
GGGTA	22930	0.6433241	5.1989245	17
AACCC	15240	0.6377613	7.6952796	1
GATAG	19515	0.6333854	13.818058	15
ATGGA	19445	0.6311136	7.3351355	19
CTCCA	13150	0.62458616	7.818347	21
TAACA	13950	0.6242537	5.2308106	1
GTTAG	16700	0.6151903	10.89939	18
CCAGC	17000	0.6149621	6.3004847	14
AGTCA	15820	0.6119551	6.076334	23
CGGTA	18285	0.6114126	6.9917397	27
AGACA	17300	0.58961123	7.6148667	15
ACCTA	12690	0.5850438	5.824659	25
CGTCT	12735	0.5760303	5.0088983	7
GACCA	16390	0.57549095	6.332573	24
GCGCA	18890	0.5733473	6.428807	28
AGTGT	15550	0.5728268	6.3595014	23
AGTTA	13385	0.5704073	20.019331	19
AAGGA	19895	0.5689185	10.557793	19
TCGCA	14150	0.56390953	244.30699	27
GACGC	18565	0.56348294	5.639643	16
CGCCA	15300	0.5534658	360.92203	28
TTAGG	15015	0.55311865	14.451518	19
GAGTG	19480	0.54653084	11.578509	22
CGGCA	17925	0.5440577	42.261665	27
TTCTA	9435	0.5438957	25.816458	24
CGCCT	12630	0.5185566	6.828952	27
GTATA	12095	0.5154335	9.527587	15
TGAGT	13920	0.5127814	5.174824	21
TTGCA	11675	0.5125821	12.792984	19
ATGAC	13250	0.51254153	5.4432693	19
TATAG	11920	0.50797576	10.448076	16
GTGTA	13755	0.5067031	5.2254257	24
GTTTA	10415	0.5037551	6.819321	20
TGACA	13020	0.5036446	14.947277	20
TAAGG	15390	0.4995031	8.562782	18
ACGCA	14195	0.49841943	7.780296	17
AAACA	12480	0.49204868	5.2667193	21
GGAGT	17480	0.49041888	15.885691	21
ACTCA	10340	0.47670236	10.592456	20
CCGCA	13055	0.47225463	58.963966	27
GCTCG	13270	0.45714098	7.399728	24
ACTAA	10020	0.4483886	6.1245856	23
CATCC	9440	0.44837213	5.1818776	7
GAGTA	11955	0.3880155	11.8561945	22
TGTTA	7900	0.382109	6.2580605	20
CTCGT	8395	0.3797232	42.77009	26
GCCTA	9480	0.37779945	16.437874	28
ATAGT	8600	0.3664926	12.218615	17
ACCCA	8285	0.34670946	11.761085	25
CGCAA	9825	0.34497857	35.61984	28
CTATC	6285	0.32887092	6.9898343	21
TTTGC	6565	0.32714084	10.8631525	18
CTTCA	6125	0.3204987	5.03968	20
GAGTC	8490	0.283888	5.875457	22
GTCCA	7010	0.27936435	5.006974	24
ACTTA	5360	0.27223572	5.0958166	28
CGTTC	6005	0.27161855	5.131529	25
TATCT	3960	0.22828056	7.9967537	22
>>END_MODULE
