##FastQC	0.10.1
>>Basic Statistics	pass
#Measure	Value	
Filename	20190110sample6-trimmed.fastq	
File type	Conventional base calls	
Encoding	Sanger / Illumina 1.9	
Total Sequences	4377176	
Filtered Sequences	0	
Sequence length	15-32	
%GC	51	
>>END_MODULE
>>Per base sequence quality	pass
#Base	Mean	Median	Lower Quartile	Upper Quartile	10th Percentile	90th Percentile
1	32.63897270751736	33.0	33.0	34.0	32.0	34.0
2	32.85511686073395	34.0	33.0	34.0	32.0	34.0
3	32.92402567317375	34.0	33.0	34.0	32.0	34.0
4	32.91984352468349	34.0	33.0	34.0	31.0	34.0
5	32.959555430259144	34.0	33.0	34.0	32.0	34.0
6	34.79483347254028	38.0	34.0	38.0	28.0	38.0
7	33.801357541940284	38.0	33.0	38.0	16.0	38.0
8	34.90350490818738	38.0	36.0	38.0	28.0	38.0
9	34.56682619113328	38.0	34.0	38.0	28.0	38.0
10	34.777590620071024	38.0	34.0	38.0	27.0	38.0
11	35.88528996777831	38.0	36.0	38.0	31.0	38.0
12	35.53706316584026	38.0	36.0	38.0	29.0	38.0
13	34.58494997688007	38.0	34.0	38.0	27.0	38.0
14	34.77777567088918	38.0	34.0	38.0	28.0	38.0
15	35.0325195971101	38.0	35.0	38.0	28.0	38.0
16	36.00916303081619	38.0	37.0	38.0	31.0	38.0
17	35.207619428274796	38.0	35.0	38.0	29.0	38.0
18	35.21159264552105	38.0	35.0	38.0	29.0	38.0
19	36.0040858079977	38.0	37.0	38.0	31.0	38.0
20	35.11150714114982	38.0	35.0	38.0	28.0	38.0
21	35.465331457188356	38.0	36.0	38.0	29.0	38.0
22	35.503218406448866	38.0	36.0	38.0	29.0	38.0
23	35.5128316703822	38.0	36.0	38.0	29.0	38.0
24	36.17593776091773	38.0	37.0	38.0	32.0	38.0
25	36.11295961819587	38.0	37.0	38.0	32.0	38.0
26	34.49693886939884	38.0	34.0	38.0	27.0	38.0
27	35.0747271242481	38.0	35.0	38.0	28.0	38.0
28	35.14998517265522	38.0	35.0	38.0	28.0	38.0
29	35.551787564912495	38.0	36.0	38.0	29.0	38.0
30	35.301929025034276	38.0	36.0	38.0	28.0	38.0
31	34.59142573865251	38.0	35.0	38.0	27.0	38.0
32	34.88119461124949	38.0	35.0	38.0	27.0	38.0
>>END_MODULE
>>Per sequence quality scores	pass
#Quality	Count
15	1.0
16	3.0
17	20.0
18	108.0
19	228.0
20	578.0
21	1226.0
22	2384.0
23	4519.0
24	8370.0
25	14518.0
26	24674.0
27	39689.0
28	63112.0
29	95689.0
30	142717.0
31	206537.0
32	294719.0
33	413886.0
34	578391.0
35	805758.0
36	1233695.0
37	446354.0
>>END_MODULE
>>Per base sequence content	fail
#Base	G	A	T	C
1	37.943484659498424	10.273757105088245	31.46226868834993	20.320489547063406
2	26.192975694410332	13.958230857751747	13.966843947042982	45.88194950079494
3	16.515601718562735	41.41237235404074	9.249428737355345	32.82259719004118
4	25.129256391083427	13.351623760924053	39.475796253866385	22.043323594126136
5	17.327802047090717	21.75024177292376	46.47559846937692	14.446357710608604
6	49.03041560144664	9.223583114577693	20.3997916395364	21.346209644439266
7	49.093010903151004	10.136103765556552	20.19704489767944	20.573840433613004
8	20.77785032598718	12.653072787278344	55.08488825875006	11.484188627984409
9	53.86262741091517	12.476126159880252	13.253750820163503	20.407495609041078
10	49.2488989471289	19.586838448734277	17.110103459446666	14.054159144690159
11	28.288525884509045	12.838214793380388	42.13092739744867	16.742331924661894
12	18.672290079265718	22.89382469427777	39.039759881713685	19.39412534474282
13	16.9627632062316	16.941493785034005	25.68720106296845	40.40854194576595
14	24.48814029867659	38.854412068420366	13.4798098134505	23.177637819452542
15	49.9465637205358	22.00738558376451	16.46438251511934	11.581668180580355
16	29.659031874638263	15.870312467768159	42.12786701856625	12.342788639027328
17	51.84398986643335	23.232749113800345	12.862098925349635	12.061162094416668
18	47.187174491382486	13.586520507486636	20.412401352188787	18.813903648942095
19	20.653897063854743	19.27507777716315	50.40822687992391	9.662798279058196
20	18.616519564589915	47.0894950230898	24.7305001689899	9.563485243330382
21	55.86117972042363	22.103041845251973	11.328868486920971	10.706909947403433
22	26.829347262023646	50.59803810763517	14.962299780822788	7.6103148495184
23	14.94081518847134	56.206780604021965	11.352241506698807	17.500162700807888
24	19.150033681510024	19.12674943095606	54.44636258978376	7.27685429775016
25	7.466580537181515	17.95021306568321	60.663464007131886	13.919742390003389
26	7.351038739718573	9.960175811524007	18.946570000212333	63.74221544854509
27	10.83145772749605	9.38732422419631	51.552022334647916	28.22919571365972
28	22.301160042323733	10.085270392863222	5.0963075524703765	62.51726201234267
29	68.06165078951597	13.987150541437934	4.643580494647464	13.307618174398627
30	6.9512773755120545	18.39874268249381	8.773099438480578	65.87688050351356
31	5.881727030394879	50.73714561962671	17.29921162014582	26.081915729832595
32	0.1721451071858811	99.4711619622475	0.28457343269287083	0.07211949787373804
>>END_MODULE
>>Per base GC content	fail
#Base	%GC
1	58.263974206561834
2	72.07492519520528
3	49.338198908603914
4	47.17257998520956
5	31.774159757699323
6	70.3766252458859
7	69.66685133676401
8	32.26203895397159
9	74.27012301995624
10	63.30305809181907
11	45.03085780917094
12	38.06641542400854
13	57.37130515199754
14	47.66577811812913
15	61.52823190111615
16	42.00182051366559
17	63.90515196085001
18	66.00107814032458
19	30.316695342912936
20	28.180004807920294
21	66.56808966782705
22	34.43966211154205
23	32.440977889279225
24	26.426887979260183
25	21.386322927184906
26	71.09325418826367
27	39.06065344115577
28	84.8184220546664
29	81.36926896391459
30	72.82815787902561
31	31.963642760227472
32	0.2442646050596192
>>END_MODULE
>>Per sequence GC content	fail
#GC Content	Count
0	0.0
1	0.0
2	0.5
3	2.0
4	3.0
5	2.5
6	2.0
7	4.5
8	12.5
9	27.0
10	49.0
11	65.5
12	76.0
13	102.5
14	142.0
15	239.0
16	379.0
17	553.0
18	892.5
19	1361.5
20	2109.0
21	3096.0
22	4150.5
23	5886.0
24	8046.0
25	10170.0
26	12888.5
27	16039.5
28	26827.5
29	38998.5
30	48943.5
31	63866.0
32	74651.0
33	86852.5
34	114323.5
35	144629.5
36	164945.5
37	214400.0
38	268864.0
39	292451.5
40	337995.5
41	364655.0
42	398117.0
43	465931.5
44	566792.5
45	757267.0
46	868257.5
47	906227.5
48	949330.0
49	949940.0
50	852628.0
51	755316.0
52	649299.0
53	541166.0
54	526570.5
55	491195.5
56	438522.5
57	431071.0
58	419384.5
59	374154.5
60	344561.5
61	308924.0
62	297333.5
63	274013.5
64	294985.5
65	339024.5
66	349773.0
67	309449.0
68	228905.0
69	179334.5
70	131311.5
71	104214.5
72	96147.0
73	85685.0
74	73230.5
75	66706.0
76	62291.5
77	56963.5
78	51443.5
79	44871.5
80	39893.0
81	36023.0
82	31242.5
83	25495.5
84	20968.5
85	18119.5
86	15469.5
87	14057.5
88	12813.5
89	10351.0
90	7432.5
91	4968.0
92	3131.5
93	2051.0
94	1359.0
95	1128.0
96	1111.0
97	590.5
98	36.5
99	3.0
100	3.0
>>END_MODULE
>>Per base N content	pass
#Base	N-Count
1	0.012770791030564
2	0.0026729562622110695
3	6.853734005669409E-4
4	5.254529404346547E-4
5	0.0030841803025512342
6	0.003335483882759112
7	2.284578001889803E-5
8	2.284578001889803E-4
9	0.0
10	4.569156003779606E-5
11	4.569156003779606E-5
12	0.0
13	0.0
14	0.0
15	0.0
16	0.0
17	0.0
18	0.0
19	0.0
20	1.3705569285490298E-4
21	5.415245283535118E-4
22	0.0
23	0.0
24	0.0
25	0.0
26	0.0
27	0.0
28	0.0
29	1.405539324179212E-4
30	0.0
31	0.0
32	0.0
>>END_MODULE
>>Sequence Length Distribution	warn
#Length	Count
15	159685.0
16	114296.0
17	159367.0
18	129405.0
19	166271.0
20	139539.0
21	172956.0
22	201069.0
23	282875.0
24	179767.0
25	128768.0
26	133290.0
27	130316.0
28	145160.0
29	224950.0
30	283596.0
31	755089.0
32	870777.0
>>END_MODULE
>>Sequence Duplication Levels	fail
#Total Duplicate Percentage	91.77580701357385
#Duplication Level	Relative count
1	100.0
2	18.90777589490051
3	10.198983246274523
4	6.816792159466117
5	4.950996663230901
6	3.70189200048916
7	3.0659841721842733
8	2.4484198389266436
9	2.0230254537831276
10++	22.58608340175748
>>END_MODULE
>>Overrepresented sequences	fail
#Sequence	Count	Percentage	Possible Source
GCATTGGTGGTTCAGTGGTAGAATTCTCGCCA	217977	4.979854591179335	No Hit
GCATTGGTGGTTCAGTGGTAGAATTCTCGCA	217235	4.962903022405314	No Hit
CGCGACCTCAGATCAGACGTGGCGACCCGCTA	106162	2.4253536983662527	No Hit
GCATTTGTGGTTCAGTGGTAGAATTCTCGCCA	83665	1.9113921852811036	No Hit
GCATTTGTGGTTCAGTGGTAGAATTCTCGCA	83445	1.9063661136769459	No Hit
GCATTGGTGGTTCAGTGGTAGAATTCTCGCTA	63989	1.461878617629266	No Hit
TCCCTGGTGGTCTAGTGGTTAGGATTCGGCGA	54853	1.2531595713766137	No Hit
CGCGACCTCAGATCA	53448	1.221061250450062	No Hit
GCATTGGTGGTTCAGTGGTAGAATTCTCGTA	47356	1.0818847585749352	No Hit
CGCGACCTCAGATCAGACGTGGCGACCCGCA	40402	0.9230152043235181	No Hit
GCATTGGTGGTTCAGTGGTAGAATTCTCA	39106	0.8934070734190263	No Hit
TCCCTGGTGGTCTAGTGGTTAGGATTCGGCA	37025	0.8458650051996995	No Hit
TCCCTGTGGTCTAGTGGTTAGGATTCGGCGA	34955	0.7985742405605807	No Hit
TGGACGGTGTGAGGCCA	34282	0.7831990306078623	No Hit
GCATTGGTGGTTCAGTGGTAGAATTCTCGA	31461	0.7187510851745509	No Hit
CGCGACCTCAGATCAGACGTA	31447	0.7184312442542864	No Hit
TACCTGGTTGATCCTGCCA	30304	0.6923185176926858	No Hit
GCATTGTGGTTCAGTGGTAGAATTCTCGCA	29392	0.6714831663154509	No Hit
GCATTGTGGTTCAGTGGTAGAATTCTCGCCA	28682	0.6552626625020332	No Hit
TCAGTGCACTACAGAACTTTGTA	27775	0.6345415400248928	No Hit
TCCCTGGTGGTCTAGTGGTTAGGATTCGGA	26247	0.5996331881560166	No Hit
GCATTTGTGGTTCAGTGGTAGAATTCTCGCTA	25044	0.5721497147932822	No Hit
TCCCTGTGGTCTAGTGGTTAGGATTCGGCA	24214	0.5531877173775969	No Hit
GCATTGGTGGTTCAGTGGTAGAATTCTCGCAA	22020	0.5030640760161346	No Hit
GCATTTGTGGTTCAGTGGTAGAATTCTCGTA	18121	0.41398837972245117	No Hit
TCCCTGTGGTCTAGTGGTTAGGATTCGGA	16610	0.37946840611389626	No Hit
GCATGGGTGGTTCAGTGGTAGAATTCTCGCCA	16016	0.36589801278267087	No Hit
CGCGACCTCAGATCAGACGTGGCA	15913	0.3635448974407244	No Hit
CTCTCGGCGCCCCCTCGATGCTCTA	15175	0.34668471178677757	No Hit
CGCGACCTCAGATCAGACGTGGCGACCCGCCA	14606	0.33368546295602464	No Hit
CTCTCGGCGCCCCCTCGATGCTCTTA	13835	0.31607136656145424	No Hit
GCATTTGTGGTTCAGTGGTAGAATTCTCA	13690	0.312758728458714	No Hit
GCATGGGTGGTTCAGTGGTAGAATTCTCGCA	12365	0.28248806993367415	No Hit
GCATTGGTGGTTCAGTGGTAGAATTCTCGAA	12332	0.2817341591930505	No Hit
TGGACGGTGTGAGGCTA	11926	0.27245877250537787	No Hit
CGCGACCTCAGATCAGACGA	11698	0.26724993466106917	No Hit
GCATTTGTGGTTCAGTGGTAGAATTCTCGA	11222	0.2563753433720737	No Hit
GCATTGTGGTTCAGTGGTAGAATTCTCGCCTA	11216	0.2562382686919603	No Hit
TTCAAGTAATCCAGGATAGGCTA	10784	0.24636889172379633	No Hit
TACCCTGTAGATCCGAATTTGTA	10574	0.24157127791982774	No Hit
TACCCTGTAGAACCGAATTTGTA	10365	0.23679650989587808	No Hit
TACCTGGTTGATCCTGCTA	9870	0.22548784878652353	No Hit
AACCCGTAGATCCGATCTTGTA	9640	0.22023331938217702	No Hit
TACCTGGTTGATCCTGCA	8699	0.19873544038439395	No Hit
GCATTTGTGGTTCAGTGGTAGAATTCTCGCAA	8649	0.19759315138344904	No Hit
GCATTGTGGTTCAGTGGTAGAATTCTCGCTA	8467	0.19343521942000963	No Hit
CGACTCTTAGCGGTGGATCA	8338	0.19048811379757177	No Hit
TGAGATGAAGCACTGTAGCTCTA	8254	0.18856906827598435	No Hit
TCCCTGGTGGTCTAGTGGTTAGGATTCGGCAA	8098	0.18500512659303625	No Hit
TGAGGTAGTAGATTGTATAGTTA	8010	0.18299469795137321	No Hit
CGCGACCTCAGATCAGACGTGGCGACCCGTA	7739	0.17680349156625183	No Hit
GCATTGGTGGTTCAGTGGTAGAATTCTA	7465	0.1705437478410738	No Hit
GTTTCCGTAGTGTAGTGGTTATCACGTTCGCA	7178	0.16398700897565005	No Hit
TGGAAGTCGGAATCCA	7140	0.16311886933493194	No Hit
CGACTCTTAGCGGTGGATA	6723	0.15359217906705144	No Hit
CGACTCTTAGCGGTGGATCACTCGGCTA	6720	0.15352364172699476	No Hit
GACTCTTAGCGGTGGATCACTCGGCTCA	6580	0.15032523252434904	No Hit
GACTCTTAGCGGTGGATCACTCGGCTA	6537	0.1493428639835364	No Hit
TGGAAGTCGGAATCCGCTAAGGAGTGA	6478	0.14799496296242143	No Hit
CGCGACCTCAGATCAGACGTGGCGACCCGCAA	6404	0.146304375241023	No Hit
TGAGATGAAGCACTGTAGCTCA	6336	0.1447508621997379	No Hit
TAGCTTATCAGACTGATGTTGA	6308	0.14411118035920878	No Hit
GCATTGTGGTTCAGTGGTAGAATTCTCGTA	6282	0.14351719007871744	No Hit
TGGACGGTGTGAGGCCGA	6241	0.1425805130979426	No Hit
TCCCTGGTGGTCTAGTGGTTAGGATTCGA	6143	0.1403416266560906	No Hit
TAGCTTATCAGACTGATGTTGAA	6120	0.13981617371565594	No Hit
CTCTCGGCGCCCCCTCGATGCTCA	5832	0.1332365890702133	No Hit
CGCGACCTCAGATCAGACGTGGCGACCCA	5831	0.13321374329019442	No Hit
CGCGACCTCAGATCAGAA	5816	0.13287105658991094	No Hit
GCATTGTGGTTCAGTGGTAGAATTCTCA	5721	0.13070070748811563	No Hit
TCCCTGGTGGTCTAGTGGTTAGGATTCGGTA	5592	0.12775360186567777	No Hit
TCCCTGTGGTCTAGTGGTTAGGATTCGGCGCA	5494	0.12551471542382578	No Hit
TAATACTGCCTGGTAATGATGA	5345	0.12211069420100998	No Hit
GACTCTTAGCGGTGGATCACTCGGCA	5194	0.11866098141815637	No Hit
CGACTCTTAGCGGTGGATCACTCGGCA	5189	0.11854675251806188	No Hit
CGACTCTTAGCGGTGGATCACTCGGCTCA	5105	0.11662770699647443	No Hit
TCGGAGGTTCGAAGACGAA	5037	0.11507419395518938	No Hit
TCCCTGTGGTCTAGTGGTTAGGATTCGGCAA	5002	0.11427459165452794	No Hit
TCGGAGGTTCGAAGACGATCA	5000	0.11422890009449013	No Hit
TGAGGTAGTAGTTTGTACAGTTA	4881	0.11151025227224129	No Hit
CGACTCTTAGCGGTGGATCACTA	4827	0.11027658015122078	No Hit
CGCGACCTCAGATCAGACGTGGCGACCCGA	4755	0.10863168398986013	No Hit
TGGAAGTCGGAATCCGCTAAGGAGTA	4735	0.10817476838948217	No Hit
GCATTTGTGGTTCAGTGGTAGAATTCTCGAA	4704	0.10746654920889634	No Hit
CGACTCTTAGCGGTGA	4674	0.1067811758083294	No Hit
GCATGGGTGGTTCAGTGGTAGAATTCTCGCTA	4666	0.1065984095681782	No Hit
CGCGACCTCAGATCAGACGTGA	4653	0.10630141442793253	No Hit
GCATTGTGGTTCAGTGGTAGAATTCTCGA	4549	0.10392545330596714	No Hit
>>END_MODULE
>>Kmer Content	fail
#Sequence	Count	Obs/Exp Overall	Obs/Exp Max	Max Obs/Exp Position
AATTC	1250280	17.828028	581.90393	22
GTGGT	3165070	16.86812	175.10803	15
TAGAA	1258940	15.466973	411.3393	19
AGAAT	1231365	15.128194	451.27023	20
ATTCT	1220570	14.352359	502.96887	23
TTCTC	1192890	14.318627	533.7523	24
GAATT	1303260	13.20371	396.98138	21
TCAGT	1267905	13.112698	257.44666	12
GTTCA	1246205	12.888275	246.8726	10
CTCGC	973835	12.72644	549.7759	26
TTCAG	1224055	12.659197	246.51334	11
TCTCG	1178985	12.446693	466.92908	25
GCATT	1152780	11.9220705	262.6906	1
GTAGA	1333965	11.886498	281.323	18
CAGTG	1288665	11.721683	232.63412	13
CGACC	664640	10.532791	137.7289	23
AGTGG	1607210	10.387031	204.53377	14
TGGTT	1704795	10.33025	146.32808	8
GGTTC	1322760	9.921918	180.15034	9
TGGTA	1337805	9.830303	214.001	16
TCAGA	767685	9.6277275	111.568306	8
CATTG	887735	9.18097	197.71327	2
GGTAG	1313350	8.487881	194.96263	17
CCTCA	404985	7.297116	151.78156	6
ACCTC	401715	7.238196	151.78206	5
GCGAC	640250	7.2090063	94.757324	2
GATCA	546425	6.852851	104.18613	11
CGCCA	419635	6.650108	647.3147	28
ATTGG	793340	5.8295293	122.495834	3
TCGCA	437940	5.6065507	288.2032	27
GGTGG	1185050	5.5547533	101.809845	6
TCGCC	422180	5.517206	272.886	27
AGATC	438990	5.5054817	104.15968	10
CTCAG	423720	5.4245048	108.04261	7
CCCTG	412730	5.39371	89.632355	2
CAGAC	346605	5.3808565	117.592636	14
TGGTG	1002555	5.3430786	109.61972	5
GACCT	415395	5.3179274	107.667946	4
TTGGT	840715	5.094334	102.1164	4
CAGAT	401230	5.0319242	105.5097	9
CGCGA	415745	4.6811533	94.25872	1
TCCCT	310985	4.620791	95.9397	1
ATCAG	362120	4.5414367	91.2034	12
AGACG	402390	4.4384627	84.98937	15
ACCCG	269840	4.2762523	144.98715	25
GACCC	268425	4.2538285	141.6839	24
CCCGC	262120	4.2403097	154.78767	26
CGCTA	301455	3.8592565	317.9535	28
TCGGC	404810	3.758734	55.01344	26
ACTCT	254260	3.7009609	25.438656	3
TCTAG	340500	3.5214567	42.851875	11
TGTGG	658645	3.5102234	35.155197	6
GATTC	337415	3.4895523	75.32384	23
GTCTA	332750	3.441306	42.633812	10
CATTT	291165	3.423732	73.90928	2
CTAGT	327895	3.3910964	41.779366	12
AGGAT	371890	3.3137832	59.787575	21
ATTCG	310415	3.2103171	73.17312	24
CCTGG	345020	3.2035732	52.46406	3
GGCGA	400080	3.2006743	63.5481	21
TAGGA	353950	3.1539254	56.24171	20
GACTC	241020	3.0855618	22.277596	2
ATTTG	358635	2.9962778	52.82173	3
TAGTG	394445	2.898415	35.69775	13
AACGA	187590	2.8528953	8.836122	2
GACGT	310380	2.823213	68.89897	16
GGTTA	381930	2.806454	41.592102	17
TTTGT	403600	2.7806423	43.747444	4
GGATT	377880	2.7766938	51.70782	22
TTGTG	450020	2.7269077	38.534363	5
TGGTC	351060	2.633273	31.60602	8
ACGTG	283755	2.5810325	62.910603	17
GGTCT	340065	2.5508006	31.169767	9
CCTGT	236945	2.5014584	31.727673	3
TCTTA	211305	2.4846795	20.38825	5
GTTAG	335790	2.4674132	40.04958	18
CCGCT	186700	2.4398656	91.12597	27
CTGGT	325175	2.4391117	42.53112	4
CTCTT	201410	2.4175863	20.848352	4
TTAGG	327775	2.408518	42.136032	19
ATCAC	134110	2.3671896	24.274803	17
TTCGG	314830	2.3615146	52.77355	25
CCCCC	101975	2.3217866	23.733295	10
CGTGG	336500	2.2199557	47.16356	18
CGGCG	264855	2.1629338	30.729126	27
TGGCG	326725	2.155468	49.20194	20
GATCC	166985	2.1377583	28.408573	10
TCGGA	232410	2.113999	14.842648	26
GTGGC	315955	2.0844162	48.30713	19
CTCGA	160795	2.0585134	47.75833	26
CACTC	112495	2.0269616	24.145382	18
CTTAG	189210	1.956813	18.03689	6
AGAAC	127780	1.9432963	14.751693	13
CGGTG	291360	1.9221582	11.905793	11
AGGCC	164960	1.8573958	12.789384	12
TCGCT	174440	1.8415849	67.85938	27
AACTG	143730	1.8025535	8.019304	14
AATCC	101735	1.795735	15.363113	11
TCACT	122480	1.7827959	20.847181	18
ACGAA	116865	1.7772995	7.6409354	3
TCTCA	121445	1.7677306	48.480793	25
AGCGG	219750	1.7580189	14.159675	9
ATCCT	119510	1.7395651	24.26066	11
TGGAT	236445	1.7374177	12.597834	14
TCGAA	138425	1.7360221	14.910984	27
GTGGA	267660	1.7298253	11.441787	13
ATAAC	99750	1.7248224	8.87632	12
CGACT	134150	1.7174014	22.251543	1
CTGTG	227005	1.7027463	20.672007	4
CCCCT	92230	1.6963869	18.921589	11
TTAGC	163370	1.6895753	17.952448	7
GAAAC	110135	1.6749487	6.300529	20
ACCTG	130720	1.6734903	22.953922	2
CCGAA	106115	1.6473784	14.983155	13
GAACT	130805	1.6404577	13.662632	14
AAGTC	130350	1.6347516	12.011795	4
CTCGG	174090	1.6164572	12.448082	20
TAGCG	174455	1.5868407	15.814736	8
TCCGA	122945	1.573954	9.193433	11
CTCTC	104625	1.5545774	16.194183	1
TGATC	149365	1.5447357	18.313936	9
GAACG	139505	1.5387752	5.7927537	5
CCCTC	83335	1.5327811	19.766953	12
GAGGC	188280	1.5062563	12.045801	11
AAGAC	98845	1.5032488	7.745576	12
GGATC	163620	1.4882858	13.857523	15
AACTT	103420	1.4746895	14.896388	15
CGCCC	91010	1.4722668	17.10509	8
ATCCG	113865	1.4577109	10.060067	10
GCCCC	89800	1.4526926	16.864487	9
TTCGA	140455	1.452588	6.1643395	8
CTGTA	134615	1.3921906	9.44282	5
CTGCC	104315	1.3632274	15.025684	14
ACCCT	74935	1.3501966	16.202177	2
CGGCA	119255	1.3427724	34.62858	27
CGAAT	106230	1.3322567	14.828992	14
GTCGG	201610	1.3300601	7.181679	6
CCTAC	73750	1.3288449	8.858821	3
GCGGT	199200	1.314161	11.721298	10
GACGG	162465	1.2997339	12.132	3
TCGTA	124825	1.2909422	49.444305	27
TAACT	89960	1.2827603	8.159971	13
CTCGT	121105	1.2785208	46.09055	26
CGGAA	115630	1.2754279	10.670348	8
TGGAA	142270	1.2677186	9.070708	1
GATAA	103145	1.2672096	6.502087	11
CAGAA	83095	1.2637205	14.072355	12
TACCT	86790	1.263299	26.078455	1
AAACT	72325	1.2506042	6.895326	21
TGGAC	137280	1.2486974	13.921874	1
ATTGT	149240	1.2468513	21.55355	3
ACGGT	136640	1.2428759	13.53134	4
ACTCG	96625	1.2370027	16.567638	20
CCTGC	94450	1.234308	21.533358	13
AGACT	98305	1.2328672	9.711736	10
AGTCG	133970	1.2185897	8.712965	5
GAAGA	112555	1.2162135	5.7774606	11
CACTA	66775	1.1786525	14.507138	7
ACTGT	113410	1.1728884	6.907442	12
GCTCA	91465	1.1709439	6.0757456	20
TGAGG	181165	1.170828	9.8737755	10
GGAAT	131390	1.1707709	9.222107	9
GGCGC	142400	1.1629072	8.610858	6
TCCTG	109655	1.1576418	17.658787	12
GAGGT	176815	1.142715	6.984855	2
TGTGA	155310	1.141231	11.050237	8
GTAAT	112360	1.1383522	6.519889	13
CCGCC	69885	1.1305283	16.517792	27
GTAGT	151075	1.1101117	7.641324	5
GAATC	88085	1.1046957	12.022065	10
GCGCC	95945	1.1027792	12.187737	7
CCTCG	83870	1.0960445	14.338034	13
GCATG	120200	1.0933379	10.927293	1
CCGCA	68345	1.083088	49.7509	27
GGACG	133740	1.0699315	12.28408	2
GCTAA	85125	1.0675737	9.704031	16
GCTCT	100340	1.059302	13.023914	20
ACTGC	82575	1.0571333	11.27413	5
TTGAT	126000	1.0526886	14.9217415	8
CGGCT	112360	1.0432829	10.711341	22
GGCCA	92355	1.0398872	10.293786	13
ACTGA	82800	1.0384153	6.5895367	12
GCACT	80775	1.0340894	10.63729	6
CTACT	70990	1.0333171	7.132201	4
CCGAC	65110	1.0318218	6.1131067	10
GTTGA	139750	1.0268947	13.400379	7
ATGCT	98855	1.0223601	14.988275	18
TGCCA	79340	1.0157185	15.048359	15
GACGA	91985	1.0146177	5.8017397	14
TACCC	55895	1.0071293	16.339897	1
CGAAG	91305	1.0071172	5.864578	10
GGCTC	108380	1.0063279	8.341985	23
CGATG	109915	0.99978566	11.219437	16
AAGAA	66990	0.99803483	5.8138375	18
AAGCA	65320	0.9933958	8.938204	8
TTGTA	118620	0.9910312	13.9037075	19
TGGCA	107930	0.9817301	5.668015	20
CGCAA	62950	0.97726494	74.32163	28
TGTAG	132660	0.97479683	7.0466084	6
TCGAT	94055	0.97271836	12.235648	15
GAAAA	65130	0.9703241	5.9436793	15
GGATA	108790	0.9693899	5.9447436	14
AACTA	55980	0.9679755	8.43329	22
CGATC	74960	0.9596453	6.4059925	13
AAAAG	64320	0.9582565	5.7073526	16
TCCTA	65500	0.9534057	7.090401	2
AATTT	82670	0.9522875	12.403851	16
GAACC	60520	0.9395405	7.6993146	10
CCCGT	71630	0.93608767	6.979223	3
ACTTG	89325	0.92380065	5.1350336	6
CTACA	52190	0.9212112	14.6501	9
GGTAA	101930	0.90826285	7.2907352	12
TACAG	72135	0.9046629	10.55932	10
CTCTA	60560	0.8815	9.540011	21
GCCCA	55610	0.88127184	5.094196	12
CAGGA	79635	0.87839407	7.0113983	12
ACTAC	48775	0.86093265	14.561986	8
CCCGA	53500	0.84783393	6.4084234	26
ACTTT	71895	0.84539425	11.931956	16
TAGAT	82840	0.8392763	6.704337	7
AGCTC	65410	0.83738524	8.136561	17
ATGAA	67350	0.82744265	7.0997458	5
CTTTG	96900	0.82640636	8.966653	17
GTGAG	126280	0.8161188	9.96773	9
AATGA	65770	0.80803114	8.038104	15
GGTGT	150910	0.80426913	8.181075	6
AGAAA	53760	0.8009308	6.162574	19
AATAC	46250	0.79972965	10.376637	2
ACAGA	52490	0.79827535	13.216563	11
AACCG	51105	0.79337764	8.76919	11
ATCCA	44415	0.7839738	7.9841967	9
GATGA	87940	0.7836028	5.2587013	18
CCGTA	60050	0.768766	6.5741487	27
CGTCC	57360	0.7496019	5.252864	7
ATTCC	50970	0.74190974	6.107669	24
TAGTA	72505	0.73456943	10.273313	6
CAAGT	58445	0.73297316	7.126406	3
TAGCT	70535	0.7294741	6.907163	16
GTGTG	135955	0.72456694	8.079639	7
GAAGT	80745	0.71949077	8.526631	3
CTGAT	68835	0.7118927	5.211739	13
TATCA	49610	0.7074003	7.860349	20
GATGC	77750	0.70721316	11.523136	17
TGCTC	66900	0.7062717	14.54375	19
AGTAG	78675	0.7010456	9.103463	7
AAAGA	47055	0.70103794	5.6482806	17
TGCAC	54490	0.6975863	10.52252	5
AGGTA	78020	0.69520915	9.091314	3
TACTT	58555	0.6885327	5.725101	5
TCCGC	52680	0.688442	8.953148	13
CATGG	74400	0.6767417	10.059957	2
CTAAG	53830	0.6750953	9.35307	17
GGAAG	85195	0.66768	7.709973	2
CCGAT	51865	0.66398084	6.2311687	12
GAAGC	60030	0.662146	6.754501	7
TGAGA	74065	0.6599675	6.1134057	1
CTCAA	37130	0.65538555	9.283666	26
GGTTG	121760	0.64891535	9.605903	6
AAGGA	59830	0.6464933	9.061505	19
AACCC	29525	0.64511573	9.963069	1
AGGAG	81790	0.6409948	6.6230927	20
TTCAA	44370	0.6326819	8.906106	1
ACGTA	48735	0.61119765	12.485809	17
ATTCA	42475	0.6056607	5.4800644	23
CTCCT	40725	0.60511506	7.312864	1
GGCAA	54305	0.5989978	11.985718	28
CACTG	46485	0.5951055	7.4289074	11
TGGGT	110885	0.59095734	6.120039	4
AAGTA	48035	0.5901441	7.015233	4
TGAAG	65565	0.58422697	5.1996264	6
AGCAC	37460	0.58154637	9.15338	9
CGCCT	44195	0.5775568	9.888702	27
TTATC	49090	0.57723624	5.8425417	19
GTGCA	62295	0.56663465	7.9286137	4
GATCT	53890	0.55733126	5.0766654	14
AGTGC	61070	0.55549204	7.9771338	3
GCTCG	59800	0.55525386	5.76701	24
ATGGG	84880	0.54856	7.84471	3
TCAAG	43245	0.54234624	8.032683	2
TAATA	38480	0.5375151	8.540131	1
ATGAT	52425	0.53113306	6.762377	16
ACCCA	23970	0.52374005	8.69383	25
TACTG	49655	0.5135328	6.063764	4
CCAGG	44965	0.5062912	5.418016	11
GTAGC	55590	0.50564605	6.102916	15
AGTTA	49515	0.501651	6.117326	19
AAACA	23125	0.484896	5.8946557	4
CTGGA	53290	0.48472527	5.244003	28
GCGCA	42710	0.48090068	8.194379	28
ACCGA	30565	0.47450522	7.068092	12
TAAGG	53140	0.47351217	6.854607	18
AGTAA	38475	0.47269273	6.944307	5
TATAG	46000	0.46603948	5.211794	16
GTATA	45555	0.46153107	5.1978216	15
TTCTA	38665	0.45465142	7.6589785	24
TCCAG	34360	0.43988007	6.040871	10
GGGTG	93315	0.43740076	5.4102373	5
ATACT	30590	0.4361898	8.335262	3
TAATC	30230	0.4310565	6.505335	7
ATAGG	46705	0.41617212	5.974931	16
GCCTA	32325	0.4138278	18.319426	28
GGAGT	64020	0.41374665	5.4949756	21
TAATG	40635	0.4116851	6.6380386	14
GAGAT	44330	0.3950093	5.141599	2
AGATG	43360	0.3863659	5.1622605	3
ATCTT	32150	0.37804332	5.802184	15
TGTAT	38860	0.32466257	5.7745028	14
GATAG	35795	0.31895682	5.7209954	15
CGTTC	29850	0.3151302	7.1745872	25
CATCC	17290	0.31153533	5.0009456	7
ATAGT	28190	0.28560117	5.42483	17
TCACG	21325	0.27300474	7.2412047	22
CTTAT	23145	0.2721559	5.484997	4
CACGT	19830	0.2538656	7.3272066	23
TTCGC	23910	0.25242087	5.3235416	27
ACGTT	19945	0.20627153	6.16568	24
>>END_MODULE
