##FastQC	0.10.1
>>Basic Statistics	pass
#Measure	Value	
Filename	20190308sample8-trimmed.fastq	
File type	Conventional base calls	
Encoding	Sanger / Illumina 1.9	
Total Sequences	3723836	
Filtered Sequences	0	
Sequence length	15-32	
%GC	54	
>>END_MODULE
>>Per base sequence quality	pass
#Base	Mean	Median	Lower Quartile	Upper Quartile	10th Percentile	90th Percentile
1	33.12076149433004	34.0	33.0	34.0	32.0	34.0
2	33.35148594084165	34.0	33.0	34.0	33.0	34.0
3	33.316385308053306	34.0	33.0	34.0	33.0	34.0
4	33.21511661630641	34.0	33.0	34.0	33.0	34.0
5	33.386414976384565	34.0	33.0	34.0	33.0	34.0
6	34.876862192642214	38.0	36.0	38.0	27.0	38.0
7	34.446470252717894	38.0	34.0	38.0	26.0	38.0
8	34.57231790014383	38.0	35.0	38.0	27.0	38.0
9	34.930746950187924	38.0	35.0	38.0	28.0	38.0
10	35.31627278967173	38.0	36.0	38.0	29.0	38.0
11	35.43020047069742	38.0	36.0	38.0	29.0	38.0
12	35.37260878298615	38.0	36.0	38.0	29.0	38.0
13	35.116818785789704	38.0	36.0	38.0	28.0	38.0
14	35.45028245067721	38.0	36.0	38.0	29.0	38.0
15	35.371290787241975	38.0	36.0	38.0	29.0	38.0
16	35.42394562942268	38.0	36.0	38.0	29.0	38.0
17	35.4958036461125	38.0	36.0	38.0	29.0	38.0
18	35.4768595234288	38.0	36.0	38.0	29.0	38.0
19	35.144399851339	38.0	36.0	38.0	28.0	38.0
20	35.715426551903256	38.0	36.0	38.0	29.0	38.0
21	35.24094284226515	38.0	36.0	38.0	28.0	38.0
22	35.619214684920735	38.0	36.0	38.0	29.0	38.0
23	35.527051174694904	38.0	36.0	38.0	29.0	38.0
24	35.81600574065441	38.0	37.0	38.0	29.0	38.0
25	35.4750754649801	38.0	36.0	38.0	29.0	38.0
26	34.63547374266093	38.0	35.0	38.0	27.0	38.0
27	35.37018901388316	38.0	36.0	38.0	28.0	38.0
28	34.992011995428854	38.0	35.0	38.0	27.0	38.0
29	35.42224202495144	38.0	36.0	38.0	28.0	38.0
30	35.171105581439996	38.0	36.0	38.0	28.0	38.0
31	35.11091415004136	38.0	36.0	38.0	27.0	38.0
32	34.63983118512604	38.0	35.0	38.0	27.0	38.0
>>END_MODULE
>>Per sequence quality scores	pass
#Quality	Count
16	4.0
17	29.0
18	114.0
19	299.0
20	843.0
21	1836.0
22	3777.0
23	6896.0
24	11777.0
25	18576.0
26	28484.0
27	42312.0
28	61433.0
29	86123.0
30	118655.0
31	160801.0
32	216224.0
33	291305.0
34	409355.0
35	594055.0
36	1296489.0
37	374449.0
>>END_MODULE
>>Per base sequence content	fail
#Base	G	A	T	C
1	14.513754606494302	15.568352343153535	39.74418006147544	30.173712988876716
2	30.94862394584509	23.491931438441433	22.394971207110085	23.164473408603385
3	22.42786739265639	22.060396859582433	12.5628518549152	42.94888389284598
4	31.398640646860894	16.71636460311024	21.318857198099806	30.566137551929064
5	22.893273404320187	27.349994587478566	23.982681005864055	25.77405100233719
6	39.00875333929851	12.76635168680898	18.982710301957447	29.242184671935068
7	36.952755169669125	14.341394196736912	21.075203097021458	27.6306475365725
8	25.77484615326776	18.315763637281556	32.060971535803404	23.84841867364728
9	33.31771323978822	18.086806185879293	20.05923461720656	28.53624595712593
10	34.91484230653547	21.844734241395606	15.973069651527522	27.2673538005414
11	34.585008577176865	19.520542795117724	16.826090085599905	29.068358542105504
12	27.514207192725316	25.0143535478909	20.301770924357744	27.169668335026042
13	24.88654172740153	16.0204423610492	23.046584221217046	36.04643169033223
14	26.10719161638697	15.30008303265772	21.840462361930012	36.7522629890253
15	30.34634178304308	31.105693161567803	21.415336228555717	17.132628826833404
16	27.47497670615387	29.750174426097402	20.089768335478787	22.68508053226994
17	26.411425222450212	30.179856661326117	21.868307149131862	21.540410967091812
18	26.28577857085243	27.562040717559604	22.94434625350056	23.207834458087405
19	23.26427765012774	28.885969689674063	31.743525494036806	16.10622716616139
20	30.47060324050843	25.2535550221349	29.252577035225624	15.023264702131051
21	32.24278822632187	22.59978374636074	18.018579718083537	27.138848309233854
22	19.017313637265147	35.829866292680194	32.973887434518	12.178932635536663
23	11.221437591269197	48.84579297500547	12.12703966815049	27.805729765574842
24	16.802518345476354	35.577077189803006	34.540721457791	13.07968300692964
25	9.138188177524457	40.47722888654696	35.50589207654766	14.878690859380923
26	11.580767519057321	38.24019369669156	15.634760880127715	34.544277904123405
27	12.468598646961299	28.640110093811078	31.892800896884925	26.998490362342697
28	16.955561350493166	28.938810572011477	9.367474037827307	44.73815403966805
29	44.19841098990223	37.41533039294708	6.433137919468127	11.95312069768257
30	6.2681828250756855	35.4596470501366	8.661301041128258	49.61086908365945
31	4.28282784859102	56.55589708316317	20.23300303075898	18.928272037486835
32	0.13459564275122618	99.57111896886049	0.25550359301927683	0.038781795368997375
>>END_MODULE
>>Per base GC content	fail
#Base	%GC
1	44.687467595371025
2	54.11309735444848
3	65.37675128550237
4	61.96477819878996
5	48.66732440665737
6	68.25093801123357
7	64.58340270624163
8	49.62326482691504
9	61.853959196914154
10	62.18219610707687
11	63.65336711928238
12	54.683875527751354
13	60.93297341773376
14	62.85945460541227
15	47.478970609876484
16	50.1600572384238
17	47.95183618954202
18	49.49361302893983
19	39.370504816289134
20	45.493867942639476
21	59.38163653555573
22	31.196246272801808
23	39.027167356844046
24	29.882201352405996
25	24.016879036905376
26	46.12504542318073
27	39.467089009304
28	61.693715390161216
29	56.1515316875848
30	55.87905190873514
31	23.211099886077854
32	0.17337743812022355
>>END_MODULE
>>Per sequence GC content	fail
#GC Content	Count
0	2.0
1	2.0
2	2.5
3	3.0
4	3.0
5	3.5
6	3.5
7	4.5
8	16.0
9	48.0
10	85.0
11	106.5
12	116.0
13	152.0
14	208.0
15	309.5
16	468.0
17	729.5
18	1149.5
19	1728.5
20	2744.0
21	4166.5
22	5673.5
23	8275.0
24	11836.5
25	15417.0
26	19850.0
27	23462.5
28	36213.5
29	50354.0
30	62414.0
31	81482.0
32	95645.5
33	117720.0
34	165678.0
35	209245.5
36	233267.5
37	305093.5
38	379500.0
39	410781.0
40	449816.5
41	457635.0
42	452595.0
43	473312.0
44	487508.0
45	509560.0
46	511879.0
47	513577.5
48	534554.0
49	536118.0
50	546583.0
51	557048.0
52	527834.0
53	480719.0
54	445829.0
55	394911.5
56	355448.0
57	384288.5
58	408698.5
59	389277.0
60	374099.5
61	355102.5
62	348969.5
63	326717.0
64	297582.5
65	295223.0
66	331333.5
67	351402.0
68	324734.5
69	321243.5
70	298378.5
71	266602.0
72	261335.5
73	250863.5
74	236406.5
75	227068.5
76	216770.0
77	203371.5
78	189957.5
79	165655.0
80	141654.0
81	128769.0
82	116011.5
83	103272.5
84	85637.5
85	69917.5
86	61101.5
87	56115.0
88	52869.0
89	49700.0
90	39614.5
91	23672.0
92	13621.5
93	9275.5
94	7204.0
95	6788.5
96	6776.0
97	3487.5
98	106.5
99	14.0
100	14.0
>>END_MODULE
>>Per base N content	pass
#Base	N-Count
1	0.0368974358698933
2	0.0
3	0.0
4	1.6112417410433757E-4
5	0.026504926640163528
6	0.0
7	0.0
8	0.0
9	0.0
10	0.004189228526712777
11	0.0
12	4.833725223130127E-4
13	0.0
14	0.0
15	0.0
16	0.0
17	0.0
18	0.0
19	0.0
20	0.0
21	0.0
22	0.0
23	4.938212381227174E-4
24	0.0
25	2.8598760815693857E-4
26	0.0012248797576371255
27	0.001186341648599672
28	7.6697115421489E-4
29	5.006307948014498E-4
30	7.383833834203394E-4
31	0.03760165877031832
32	0.0
>>END_MODULE
>>Sequence Length Distribution	warn
#Length	Count
15	348481.0
16	280168.0
17	268495.0
18	259778.0
19	301035.0
20	232156.0
21	263962.0
22	352244.0
23	462922.0
24	255264.0
25	209487.0
26	152673.0
27	76405.0
28	61018.0
29	64317.0
30	42350.0
31	49246.0
32	43835.0
>>END_MODULE
>>Sequence Duplication Levels	fail
#Total Duplicate Percentage	87.31623904912531
#Duplication Level	Relative count
1	100.0
2	22.266319365001145
3	9.399144652317007
4	6.208310600327355
5	4.552174448687939
6	3.5815484257026697
7	2.8476389939984865
8	2.305566799838082
9	2.033650715429698
10++	22.803111635192455
>>END_MODULE
>>Overrepresented sequences	fail
#Sequence	Count	Percentage	Possible Source
CGCGACCTCAGATCA	80094	2.1508466001188022	No Hit
CTCTCGGCGCCCCCTCGATGCTCTA	68875	1.8495712485727085	No Hit
TACCTGGTTGATCCTGCCA	59398	1.5950756155749073	No Hit
CTCTCGGCGCCCCCTCGATGCTCTTA	43810	1.176475011251838	No Hit
TCAGTGCACTACAGAACTTTGTA	34025	0.9137083373166809	No Hit
CGCGACCTCAGATCAGACGTA	29096	0.7813448282899677	No Hit
TACCTGGTTGATCCTGCA	23139	0.6213753774333778	No Hit
TTCAAGTAATCCAGGATAGGCTA	21187	0.5689563127914333	No Hit
TACCCTGTAGAACCGAATTTGTA	20542	0.551635464075217	No Hit
TACCCTGTAGATCCGAATTTGTA	18941	0.5086421636183763	No Hit
CGCGACCTCAGATCAGACGTGGCA	18294	0.49126760684412524	No Hit
CTCTCGGCGCCCCCTCGATGCTCA	18166	0.4878302911298994	No Hit
CGCGACCTCAGATCAGACGA	17102	0.45925760425539686	No Hit
TGAGATGAAGCACTGTAGCTCA	15859	0.4258780461867816	No Hit
TGAGATGAAGCACTGTAGCTCTA	15457	0.41508272652179096	No Hit
TACCTGGTTGATCCTGCTA	14693	0.3945662483525053	No Hit
TAATACTGCCTGGTAATGATGA	14678	0.39416343791724445	No Hit
TAGCTTATCAGACTGATGTTGAA	14171	0.38054844520542797	No Hit
AACCCGTAGATCCGATCTTGTA	13734	0.36881323452482867	No Hit
TAGCTTATCAGACTGATGTTGA	13451	0.3612135443129075	No Hit
ACGGCCCTGGCGGAGCA	13403	0.35992455092007275	No Hit
TGGAAGTCGGAATCCA	12495	0.335541092572283	No Hit
TGGACGGTGTGAGGCCA	12447	0.33425209917944826	No Hit
CTCTCGGCGCCCCCTCGATGCTCCA	12226	0.3283173587666052	No Hit
GCATTGGTGGTTCAGTGGTAGAATTCTCGCA	10724	0.28798260718248603	No Hit
CGCGACCTCAGATCAGACGTGGCGACCCGCTA	10504	0.2820747207986603	No Hit
CGACTCTTAGCGGTGGATCA	10442	0.28040977099958214	No Hit
TACCTGGTTGATCCA	10089	0.27093029875644364	No Hit
CGACTCTTAGCGGTGGATA	10026	0.26923849492834806	No Hit
TACCTGGTTGATCCTGCCAA	10022	0.2691310788122785	No Hit
CGCGACCTCAGATCAGAA	9835	0.26410937538602663	No Hit
TGAGGTAGTAGATTGTATAGTTA	9618	0.2582820510892531	No Hit
GCATTGGTGGTTCAGTGGTAGAATTCTCA	9286	0.24936651345547978	No Hit
TAATACTGCCGGGTAATGATGGAA	8698	0.23357634439325467	No Hit
CGACTCTTAGCGGTGA	8483	0.22780272815451594	No Hit
TAATACTGCCGGGTAATGATGA	8197	0.2201224758555425	No Hit
GCATTGGTGGTTCAGTGGTAGAATTCTCGCCA	7575	0.20341926980672617	No Hit
TCGGAGGTTCGAAGACGATCA	7541	0.20250623282013497	No Hit
TAATACTGCCTGGTAATGATGAA	7200	0.19334900892520507	No Hit
CGGCCCTGGCGGAGCA	7120	0.19120068660381392	No Hit
TACCTGGTTGATCCTA	7107	0.19085158422658785	No Hit
CCCCGGGCCGCGGTTA	7027	0.18870326190519668	No Hit
CTCGGCGCCCCCTCGATGCTCTA	6683	0.17946547592321466	No Hit
TGAGATGAAGCACTGTAGCTA	6566	0.17632355452818008	No Hit
TGAGGTAGTAGTTTGTACAGTTA	6548	0.17584018200586707	No Hit
ACCCTGTAGATCCGAATTTGTGA	6510	0.17481972890320627	No Hit
CTCTCGGCGCCCCCTCGATGCTCTCA	6193	0.16630700170469376	No Hit
CCCCGGGCCGCGGTTTA	6114	0.16418553341231998	No Hit
CGCGACCTCAGATCAGACGTGA	6068	0.16295024807752007	No Hit
TGGAAGTCGGAATCCGCTAAGGAGTGA	6011	0.16141956842352886	No Hit
TACCTGGTTGATCCTGCAA	5957	0.1599694508565898	No Hit
TACCTGGTTGATCCTGCCAGTA	5791	0.15551168203970314	No Hit
TAATACTGCCGGGTAATGATGGA	5725	0.15373931612455544	No Hit
AGAAGACGGTCGAACTTGACTATCTA	5543	0.14885188284339054	No Hit
CTCGGCGCCCCCTCGATGCTCTTA	5506	0.1478582837697471	No Hit
CGCGACCTCAGATCAGACGTGGCGACCCGCA	5455	0.14648872828986023	No Hit
CCCCGGGCCGCGGTTTTA	5423	0.14562939936130379	No Hit
AACCTCCGCGTCGGTGA	5361	0.14396444956222562	No Hit
CGACTCTTAGCGGTGGATCACTA	5358	0.14388388747517347	No Hit
TCGGAGGTTCGAAGACGATA	5311	0.14262174811135614	No Hit
TAATACTGCCTGGTAATGATGACA	5283	0.14186983529886923	No Hit
TAGCTTATCAGACTGATGTTGACA	5280	0.14178927321181706	No Hit
CGCGACCTCAGATCAGACGCA	5146	0.13819083332348686	No Hit
TCAGTGCACTACAGAACTTTGCA	5108	0.13717038022082606	No Hit
CCTCCGCGTCGGTGA	5103	0.1370361100757391	No Hit
ACCCTGTAGATCCGAATTTGTA	5077	0.13633790532128698	No Hit
TAACACTGTCTGGTAACGATGA	4906	0.13174586635931335	No Hit
GCATTGGTGGTTCAGTGGTAGAATTCTCGA	4873	0.1308596834017395	No Hit
CGCGACCTCAGATCAGACA	4830	0.12970496015399174	No Hit
TGAGGTAGTAGGTTGTATGGTTA	4826	0.12959754403792217	No Hit
TTCTGATCGAGGCCCAGCCA	4816	0.12932900374774828	No Hit
AACCCGTAGATCCGATCTTGTGA	4755	0.12769090797768753	No Hit
TACCCTGTAGATCCGAATTTGA	4601	0.12355538750900953	No Hit
TGGAAGTCGGAATCCGA	4542	0.12197099979698355	No Hit
TGGAAGTCGGAATCCGCTAAGGAGTA	4533	0.12172931353582703	No Hit
TCGGAGGTTCGAAGACGAA	4355	0.11694929637073169	No Hit
TACCCTGTAGAACCGAATTTGA	4349	0.11678817219662734	No Hit
TCCCTGAGACCCTAACTTGTGA	4321	0.11603625938414044	No Hit
TGAAACTGCGAATGGCA	4191	0.11254523561187979	No Hit
TCGGAGGTTCGAAGACGA	4174	0.11208871711858416	No Hit
TTCAAGTAATCCAGGATAGGCA	4145	0.11130995027707988	No Hit
TTCAAGTAATCCAGGATAGGCCA	4110	0.11037005926147123	No Hit
CCCCGGGCCGCGGTTTTCA	4104	0.1102089350873669	No Hit
ACCTCCGCGTCGGTGA	4056	0.10891994169453219	No Hit
CGCGACCTCAGATTA	3965	0.10647622505394974	No Hit
GCATTTGTGGTTCAGTGGTAGAATTCTCGCA	3899	0.10470385913880204	No Hit
CTCTCGGCGCCCCCTCGATGCTCAA	3891	0.10448902690666291	No Hit
TTCAAGTAATTCAGGATAGGTTA	3868	0.10387138423926295	No Hit
AACGATCTCAACCTATTCTCA	3776	0.1014008135696631	No Hit
>>END_MODULE
>>Kmer Content	fail
#Sequence	Count	Obs/Exp Overall	Obs/Exp Max	Max Obs/Exp Position
TCAGA	474280	8.405815	84.662926	8
TGGTT	341995	6.068142	51.86639	5
AGATC	335375	5.943958	70.0532	10
GATCA	332990	5.9016876	70.37924	11
GTAGA	281805	4.833984	47.05728	18
CCCCC	413670	4.817952	37.942966	10
ACCTC	299655	4.745624	65.24849	5
TCTTA	211215	4.625937	134.40057	22
GATCC	299795	4.5952344	54.659893	10
GAATT	219300	4.570726	138.0045	21
CCTCA	282495	4.473862	63.993744	6
CAGAT	251675	4.4605165	71.78454	9
GTGGT	302085	4.4113855	34.18523	15
TGATC	243515	4.3894544	52.031715	9
TTGAT	205695	4.360237	60.725513	8
TCGAT	241295	4.3494377	80.16439	15
CGACC	331405	4.319573	71.3678	23
CTCAG	280345	4.2971063	62.156525	7
TCTCG	267905	4.176417	212.11313	25
CTCTC	258635	4.165805	51.72228	1
CTGGT	275850	4.1620517	48.524784	4
ATGCT	230650	4.1575575	111.40196	18
GTTGA	236475	4.1255465	50.4333	7
CCCTC	300335	4.113542	48.513123	12
CCTGG	316485	4.0605607	41.98899	3
GCGAC	319615	4.031998	52.391415	2
GACCT	261605	4.009861	62.127274	4
CTCGA	261425	4.007102	63.395454	14
CTCTT	208550	3.9502387	81.227	21
CGATG	262485	3.8940294	74.53244	16
CGGCG	366840	3.8736422	34.711735	5
CTGTA	214820	3.8722155	23.45676	5
TCGGC	301520	3.8685572	40.80329	4
CCCCT	280930	3.8477619	44.051353	11
ATCCT	205760	3.8320782	48.98247	11
CGCGA	302870	3.8207567	51.95792	1
ACTCT	200055	3.7258282	20.111763	3
TTTGT	169185	3.6474383	70.25248	18
TGGTA	207970	3.6282475	38.275646	16
ATCAG	203875	3.6133418	48.49387	12
TTGTA	166960	3.539149	76.5316	19
GCTCT	224355	3.4975085	133.22273	20
GATGC	233420	3.462843	81.48169	17
TGTAG	197970	3.4537873	23.837017	14
GGCGC	325530	3.4374294	33.961555	6
TAGAA	166680	3.4157836	70.561005	19
TGCTC	218110	3.4001544	116.50089	19
CCTCG	255255	3.38373	50.07234	13
CTCGG	262690	3.370361	40.98284	3
TACCT	180740	3.3661053	55.44284	1
GTAAT	156225	3.2560956	31.191332	13
ACCTG	210875	3.2322755	45.663853	2
GTCGG	257580	3.1985743	14.505667	6
GCGCC	286630	3.127181	35.72702	7
GGTTG	209770	3.0632977	42.26361	6
CCCTG	228015	3.022629	17.81626	3
AGACG	204470	2.9825282	45.32426	15
GACTC	194495	2.9812043	16.634764	2
CGCCC	262760	2.96196	36.291576	8
GCCCC	259320	2.9231827	35.979977	9
CGGTG	234060	2.906508	15.455309	11
TCCTG	186105	2.9012225	43.235245	12
TGATG	166115	2.8980446	32.75253	17
CAGAC	191785	2.8904014	44.94392	14
TCAGT	159145	2.8686516	26.32117	12
CTCTA	152050	2.8317819	126.60596	21
AATTT	111325	2.8192232	52.261574	16
GATGA	164180	2.816286	29.770933	18
TGGAT	161100	2.810553	17.231085	14
CAGTG	187005	2.774265	23.379759	13
GGTAG	189535	2.7214196	34.09531	17
CTGCC	205215	2.7203863	27.698763	14
GGTTC	179680	2.7110293	20.276834	9
ATTTG	127675	2.7064018	46.5474	17
CGAAT	150015	2.658764	34.554054	14
AGTGG	185120	2.6580274	31.472532	14
GAGGT	185105	2.657812	16.290773	2
ACTGT	147295	2.6550505	21.3815	12
CTTAG	146010	2.631888	19.089216	6
AGAAC	148350	2.5851924	20.474884	13
AATTC	119585	2.5752058	194.714	22
AATCC	140260	2.5684285	15.021486	8
GGTGG	211475	2.541644	17.220127	6
GTGGA	177000	2.5414374	15.670941	13
TCGGA	171165	2.5392747	30.136599	26
CCTGT	162720	2.5366697	20.504677	4
GTTCA	139815	2.5202208	23.559906	10
GCGTC	194895	2.5005388	5.4052277	8
TAGAT	119850	2.497955	18.3756	7
TGGAA	143145	2.455459	16.528894	1
AACTT	113965	2.4541814	29.808718	15
CCGCG	224250	2.4466047	8.427559	8
ATCCG	157805	2.4188228	15.190423	10
GAACT	135260	2.3972564	24.140259	14
TCCGA	153925	2.3593504	14.504439	11
GCGGT	188385	2.3393257	19.573063	10
CCTGC	175195	2.3224328	38.17523	13
GTAGT	132630	2.3138652	18.830673	5
AACGA	131540	2.292256	7.007913	1
AACTG	126780	2.2469623	7.383821	14
AGAAT	109460	2.2431705	100.91017	20
GGATA	129300	2.2179668	22.086864	14
ATTCT	101015	2.2123857	265.97534	23
CGACT	143905	2.2057645	16.534748	1
GGTAA	127615	2.1890626	28.671026	12
CCGGG	204835	2.162952	9.671976	9
TAGCT	119575	2.1553867	28.757847	16
GCACT	140600	2.1551058	16.56091	10
ACTGC	139795	2.142767	21.790724	5
ACCCT	134355	2.1277747	20.55491	2
TAATA	85100	2.1189785	31.768175	1
TGTGA	121435	2.1185567	14.849216	19
CCGAA	140010	2.1100976	24.04831	13
TGCCA	136830	2.0973196	34.933636	15
GGAAT	122235	2.0967762	15.464582	9
TTAGC	113895	2.0530024	18.916977	7
AGCGG	167145	2.0407882	13.582472	9
ATGAT	97575	2.033692	38.70783	16
TTCAG	112140	2.0213678	23.218857	11
ATGAA	98580	2.020206	20.88846	5
AAGCA	114975	2.0035894	19.40197	8
GAGGC	163645	1.9980543	5.7570744	11
TGAGA	115850	1.9872502	20.959833	1
TGAGG	138345	1.9864132	15.224148	1
TTGGT	111255	1.974038	18.125124	4
AATGA	96300	1.9734817	34.84079	15
CAGAA	111730	1.947041	18.428202	12
TGTGG	133200	1.9451364	6.3527107	5
AATAC	91620	1.9399285	26.634031	2
CCCGC	170645	1.9235944	109.94225	26
AAGTC	107805	1.9106624	15.875404	4
TTCTC	99715	1.8887464	268.8971	24
TACTG	104450	1.8827525	22.615456	4
TGAAA	91555	1.8762423	5.536699	1
GGTGT	128430	1.8754795	6.4598293	6
CCCCG	162650	1.8334707	7.359327	1
TAATG	87705	1.827978	33.789555	14
TTCGA	100880	1.8184019	10.146753	8
TCTCA	97600	1.8177042	97.305786	25
TGGAC	122070	1.8109384	9.6473055	1
AGGAT	105120	1.8031915	22.803083	21
CAGGA	123580	1.8026156	15.9467125	12
TGGTG	122560	1.7897592	19.425737	5
CCTCC	130375	1.7856829	5.582821	1
TGGCG	143795	1.785616	25.810215	20
AGACT	100615	1.7832319	16.756882	10
GGAGG	150175	1.7746536	7.3995996	3
CTGAT	98195	1.7700037	16.04408	13
TACAG	99655	1.7662175	15.5199995	10
ACTTG	97620	1.7596391	8.919298	15
TCGAA	99125	1.7568239	10.194449	9
GAATC	98645	1.7483168	15.588042	10
GAAGA	103265	1.7416861	9.53258	11
AGTAG	100835	1.7296882	18.255291	7
CATTG	95905	1.7287256	19.074629	2
ACTGA	97455	1.727226	15.117549	12
CGGAG	140880	1.7201009	7.0035405	2
ATACT	79770	1.7178088	26.838074	3
TAGTA	82005	1.7091767	21.848366	6
TCTGA	94725	1.7074556	7.1262603	2
CGGAA	116770	1.7032809	13.025885	8
CAAGT	95845	1.6986916	16.592272	3
AGGTT	97355	1.6984569	9.436923	5
GACGT	113880	1.6894375	40.393486	16
TAGCG	113670	1.6863221	15.655223	8
CACTA	92085	1.6862522	15.610348	7
AAGTA	81650	1.6732584	19.197496	4
TTGTG	94130	1.6701831	15.276221	18
TCCGC	125850	1.6683019	7.986273	13
GGTTA	95575	1.6674029	11.446841	19
ACCCG	127550	1.6625019	94.578735	25
TTGGA	95260	1.6619073	5.5428853	8
CTTTG	89850	1.647186	28.3601	17
GACGA	110160	1.6068631	8.854205	14
GCTCA	104495	1.6016912	31.329262	20
CGTGG	128630	1.5973003	26.10841	18
AGTCG	107120	1.5891513	13.233983	5
TCTGG	105260	1.588173	6.33458	9
GCATT	87845	1.583441	24.465399	1
TGAAG	91295	1.5660423	17.866009	6
GAACC	103800	1.5643749	10.881727	10
AGGTA	91145	1.5634693	18.288267	3
TTCAA	72475	1.5607145	20.913816	1
GTGGC	125630	1.5600469	28.727028	19
ACTTT	71055	1.556215	30.759556	16
GATAA	75580	1.5488657	6.3428135	11
GGATC	103495	1.5353737	11.678387	15
ATCCA	83130	1.5222691	14.224715	9
CTCCA	95505	1.5125089	20.349802	21
CTGGA	101455	1.5051098	7.3299003	16
GAAGC	102770	1.4990679	16.606092	7
TAACT	69540	1.4975107	11.678602	13
ATTGG	85765	1.4962575	16.197191	3
ATAAC	70340	1.4893537	6.401976	12
AAGAC	85355	1.4874222	9.539516	12
CTGTG	98445	1.4853476	6.1644087	16
CACTG	96885	1.4850458	16.558756	11
AGGCC	116855	1.4741458	5.191949	10
CCGCC	130240	1.4681293	13.2393265	27
CTGGC	113950	1.4619995	5.139194	7
GATGT	83280	1.4529042	19.126013	15
GCCGC	132795	1.4488155	6.201941	7
GGAAG	101815	1.4374015	12.936128	2
GCCGG	135855	1.434559	8.800815	8
CGGGT	115390	1.432889	10.5424385	10
GACTG	96225	1.4275215	11.380435	11
GCCCT	107075	1.4194157	5.3313046	4
GGACG	115620	1.411684	7.816209	2
GAGAT	82190	1.4098583	17.751066	2
AGTAA	68410	1.4019303	19.090775	5
GGCGA	114465	1.3975819	34.712482	21
TACCC	88060	1.3946027	21.096283	1
CGATC	90365	1.3851076	9.410504	13
TGGCA	93115	1.3813839	20.71594	20
ACGTG	92385	1.3705542	30.300713	17
GAAGT	79750	1.3680035	15.174842	3
AGATG	79745	1.3679175	17.696905	3
GATCT	75770	1.3657842	11.577326	14
CTACA	74500	1.3642373	15.771389	9
AACCT	73875	1.3527924	5.6773877	10
GTAGC	91015	1.3502299	22.596815	15
CGGGC	127180	1.3429555	6.0227356	4
AGCTC	86465	1.3253288	23.73585	17
CCCGG	120375	1.3133112	6.321435	2
TAGTT	61425	1.3020617	12.810856	18
GGATT	74580	1.3011239	30.80253	22
GACCC	99595	1.2981333	83.91615	24
GGGCC	122560	1.2941704	6.2759175	5
TCCTA	68910	1.2833811	5.0680685	2
CTGCA	83715	1.283177	12.129518	14
AGCAC	85135	1.2830738	16.841412	9
CGCTA	83620	1.2817209	329.64807	28
GTGTG	87265	1.2743418	8.293079	24
TGCAC	82595	1.2660097	13.152912	5
AGGAG	87525	1.2356585	19.90638	20
TTGAA	59265	1.2352216	16.301	19
GGTCG	99130	1.2309754	5.445496	4
AAACT	58120	1.2306118	5.2170305	21
ACTAC	67075	1.2282715	15.663592	8
GGCTA	82425	1.2227951	18.323692	19
TAATC	56570	1.218208	16.49642	7
AAAGT	58255	1.1938233	10.4920435	20
ACAGA	68360	1.1912622	16.203161	11
TCAAG	66765	1.1832975	17.300064	2
TATCA	54095	1.16491	15.546576	6
GTGCA	78505	1.1646409	13.653042	4
GGCCG	110135	1.162969	6.3170047	6
GAATG	67670	1.1607873	6.2147264	15
GTCTG	76105	1.1482795	6.401517	8
TGACT	63410	1.1429904	8.444572	17
CGCGG	107475	1.1348808	6.11976	9
ACGGT	76445	1.1340802	6.001768	4
GACGG	92520	1.1296403	5.9443283	23
ATAGG	65670	1.1264801	25.818201	16
TGTTG	63275	1.1227114	20.910002	17
GCTAA	63110	1.1185186	12.310296	16
ACGAT	63030	1.1171008	7.063668	15
TCACT	59975	1.1169755	12.492011	18
AGTTA	53410	1.1131897	23.35122	19
CTACT	59490	1.1079429	5.0521765	4
GTGAG	76985	1.1053816	7.1662507	9
ATGTT	51735	1.096657	24.409317	16
GATAG	63840	1.095089	23.264898	15
GCTTA	60700	1.0941415	13.11275	3
GAAAA	54065	1.0893898	7.1589932	18
CGAAG	74490	1.086558	8.061686	10
TTATC	49595	1.0862076	15.831535	5
TAGGA	62820	1.0775923	17.74133	20
AAAAG	53270	1.0733708	7.805083	19
AGTGC	72205	1.0711789	13.775837	3
TGTAA	51325	1.0697334	8.83179	1
TCCCT	66115	1.0649066	11.715813	1
CCCGT	79900	1.0591763	8.549543	3
AATGG	61665	1.0577797	5.608574	16
TTAGA	50480	1.0521216	6.2639823	4
AAGGA	62105	1.0474741	17.894516	19
GGTTT	58920	1.045439	6.611706	12
GGGTA	72735	1.0443583	9.466316	11
GATCG	69930	1.0374286	5.8625	5
GACAA	59470	1.0363424	5.289554	11
TAGTG	59220	1.0331529	6.4591208	13
TGTCT	56010	1.02681	6.4266872	7
CCAGG	81295	1.0255502	10.157362	11
GACTA	57245	1.0145714	9.728463	18
TACTT	46310	1.014261	5.84595	5
ATCAC	55295	1.0125571	10.95592	17
GTTCG	66950	1.0101479	8.108351	7
ACAGT	56830	1.0072163	6.461931	17
CTCGC	75360	0.9989927	199.36778	26
AGAAA	49330	0.9939813	7.2552843	17
ATCGA	55915	0.99099934	6.8678164	6
TAATT	39110	0.9904317	10.216209	22
TCCAG	64450	0.9878846	12.228448	10
CTTAT	45100	0.9877601	15.842791	4
AGCTT	54600	0.98418665	13.2619505	2
ATTGT	46420	0.983992	7.649582	12
CCGCT	73970	0.9805666	107.91094	27
TTCTG	53240	0.97602874	7.9122853	1
CTTGT	53060	0.9727289	14.533728	17
CCTCT	60240	0.9702787	5.807024	21
TTTGA	45745	0.9696835	11.662139	18
GAGAA	57050	0.96221554	6.003483	28
AGGCT	64560	0.9577633	15.556953	18
TTGAC	53055	0.95633733	7.632366	16
AGTGA	55395	0.95022637	21.015055	23
CCCGA	72850	0.9495356	8.552011	26
CTAAG	52765	0.935171	13.300393	17
GAGCA	64005	0.93361723	5.0157976	13
CGGTT	61655	0.9302566	7.048646	11
CGTAG	62330	0.9246807	8.593101	5
AACCG	61300	0.92385536	10.068588	11
TGTAT	42895	0.9092704	16.838675	14
GGCTC	70320	0.9022186	6.559342	23
CAGTA	50785	0.90007883	8.523139	18
CTCAA	49090	0.8989317	15.050694	26
ATGGA	52380	0.89850813	14.615748	19
TTCTT	40320	0.89812183	6.987831	1
CTTGA	49010	0.88342464	7.313423	15
GGCGT	70925	0.88073176	7.1289673	23
AGCTA	49470	0.87677264	7.4333587	21
CTAGT	48290	0.8704463	5.329978	20
TCTAG	47915	0.8636868	5.3360777	11
GCCTG	67130	0.8612903	8.242479	8
GTTTT	39935	0.8609537	5.1346626	13
TGCCT	55050	0.8581839	9.974952	7
TCGCT	55035	0.8579501	31.62017	27
GATTG	49030	0.8553781	6.1141276	11
TCGCC	64395	0.8536378	108.403076	27
CACTC	53630	0.84933615	8.175841	19
ACCGA	55955	0.8433006	10.96955	12
TCTTG	45820	0.8400007	14.206316	16
ATCTT	38135	0.8352158	15.086574	15
GATTA	40045	0.83463174	6.295545	23
GTGTA	47695	0.83208764	11.576411	24
ATTCA	38560	0.83037114	17.776602	23
GGAGT	57410	0.8243159	23.782642	21
GTTTA	38885	0.8242681	6.7679996	20
AGATT	38870	0.8101419	8.586848	10
CCGAT	52605	0.8063253	8.644606	12
GATGG	56055	0.80486023	9.138754	18
AACCC	51615	0.803726	8.4552765	1
TAAGG	46850	0.8036484	14.368354	18
TAGGC	53635	0.7956884	18.553537	17
TCGAG	53445	0.79286957	5.6271777	7
ACGTA	44505	0.78877634	17.552975	17
ATCTA	36000	0.7752428	17.054531	22
TGCTA	42370	0.763736	7.710431	15
TAGCA	42910	0.7605076	5.747607	21
CCGTA	49390	0.75704604	10.5531025	27
GATTC	41265	0.7438179	40.88575	23
GCTCC	56100	0.74367696	14.648538	20
AACAT	34990	0.7408656	8.468448	5
GTAAA	36110	0.7400045	8.309939	2
GTATA	35395	0.7377148	12.910169	15
AAACA	35130	0.7313644	8.326551	4
GTTAG	41550	0.7248819	9.720252	18
TATAG	34300	0.71489257	13.974094	16
TTCGG	47260	0.7130634	39.653908	25
AATTA	28285	0.70429265	13.087479	22
TAGGT	40280	0.7027255	6.9226537	9
TGACA	39445	0.6990963	15.033027	20
CTGTC	44830	0.69886255	5.260124	6
CGCCA	53260	0.69419724	260.83093	28
AAGTT	33290	0.69384164	12.366502	21
AGTTT	32355	0.6858479	7.1453485	10
TTAGG	39190	0.6837093	11.959152	19
GAGTG	47610	0.6836035	22.009295	22
GTAGG	47575	0.683101	6.1678753	8
TAAAC	32260	0.68306154	8.390778	3
CGGCT	53235	0.68301487	8.773872	23
TCGTA	37450	0.67505103	38.14337	27
ACTGG	45025	0.6679568	5.644614	15
TAACA	31300	0.66273487	6.226658	1
TTGCA	36505	0.65801704	10.109713	19
TGTTA	30465	0.64578444	5.222167	19
CCAGT	42050	0.6445391	5.5694127	17
TGCCG	50150	0.64343375	7.350306	7
AGTGT	36525	0.63721573	16.169035	23
GAGTA	36960	0.6339989	14.117355	22
ATAGT	29990	0.625062	15.820126	17
ATGGT	35470	0.6188102	5.3279414	17
GCCAG	49010	0.61826956	5.4211454	16
TTCTA	27560	0.6036069	29.277983	24
ATGAC	33790	0.598871	6.5990496	19
TAGTC	33010	0.5950183	5.4047027	21
TTCCA	31875	0.59364057	5.0063767	24
GTTGT	33275	0.5904105	7.0640593	12
CTATT	26890	0.5889328	5.8298254	13
CAACC	37500	0.5839335	5.4362288	9
CTGCT	37240	0.5805408	5.901089	14
ACATC	31465	0.5761843	7.3552356	6
AGTCA	32475	0.57556474	5.0759487	22
ATTCG	31815	0.573478	44.067486	24
CGGTA	38495	0.5710828	6.25235	25
ATCTC	30350	0.565239	5.047395	5
ACCTA	30735	0.56281656	5.607544	25
CAGCT	35955	0.55111545	5.31661	18
ATTCC	29360	0.5468012	5.450783	23
CATTT	24940	0.5462248	6.9972167	2
AACTA	25690	0.5439507	8.5691595	22
CAGTT	30040	0.5414829	5.3498306	18
TCGCA	35160	0.53892976	182.29967	27
GACCA	35580	0.53622806	7.0988874	24
GTTTG	29305	0.5199693	6.0593967	11
ACTAT	24040	0.5176899	7.5353737	19
ACTCG	33510	0.5136387	8.682769	20
GTTAA	23915	0.4984447	5.005154	23
TATTC	22625	0.4955227	5.272012	14
CATCC	29970	0.4746337	6.508411	7
GTACA	26150	0.46346477	5.93427	15
CTATC	24790	0.46168944	9.615569	20
CCGCA	35270	0.4597134	58.59393	27
GCCAA	30395	0.45808464	5.1685348	16
TATCT	20415	0.44712025	12.112104	21
CGGCA	34820	0.43926027	19.840189	27
ACCAA	23545	0.42392847	6.5584126	26
GCGTT	26970	0.40692598	6.376128	24
TACCA	21040	0.38528258	18.585829	25
TGTAC	20915	0.37700114	5.302731	14
TTTGC	19780	0.36261925	8.118754	18
CGTTA	19430	0.35023344	5.77588	25
GCGCA	27645	0.34874642	5.7476416	28
TTACC	17610	0.32796896	14.748514	24
ACCCA	19310	0.30068678	15.263741	25
CTCGT	18290	0.28512594	24.606504	26
GTTAC	15585	0.28092578	15.928195	23
CAATA	13240	0.28033894	20.349125	28
CATTA	12705	0.2735961	5.090572	23
GCGTA	18045	0.267702	5.389061	24
CGCAA	16935	0.25522828	35.51306	28
TTACA	7050	0.15181836	6.2581153	24
TCAAT	3910	0.08419998	9.302761	27
>>END_MODULE
