##FastQC	0.10.1
>>Basic Statistics	pass
#Measure	Value	
Filename	20190308sample14-trimmed.fastq	
File type	Conventional base calls	
Encoding	Sanger / Illumina 1.9	
Total Sequences	2170172	
Filtered Sequences	0	
Sequence length	15-32	
%GC	53	
>>END_MODULE
>>Per base sequence quality	pass
#Base	Mean	Median	Lower Quartile	Upper Quartile	10th Percentile	90th Percentile
1	33.04629955597989	34.0	33.0	34.0	32.0	34.0
2	33.311834269357455	34.0	33.0	34.0	33.0	34.0
3	33.27105777790885	34.0	33.0	34.0	32.0	34.0
4	33.15378873195304	34.0	33.0	34.0	33.0	34.0
5	33.351837089410424	34.0	33.0	34.0	33.0	34.0
6	34.706823237973765	38.0	35.0	38.0	27.0	38.0
7	34.335628696711595	38.0	34.0	38.0	26.0	38.0
8	34.77100524751034	38.0	35.0	38.0	27.0	38.0
9	34.97710089338541	38.0	35.0	38.0	28.0	38.0
10	35.26096364712106	38.0	36.0	38.0	29.0	38.0
11	35.34866084347232	38.0	36.0	38.0	29.0	38.0
12	35.253574831856646	38.0	36.0	38.0	29.0	38.0
13	35.16653334390085	38.0	35.0	38.0	28.0	38.0
14	35.343057140171375	38.0	36.0	38.0	29.0	38.0
15	35.20022376106594	38.0	36.0	38.0	28.0	38.0
16	35.23883126899193	38.0	36.0	38.0	28.0	38.0
17	35.00509280303141	38.0	35.0	38.0	28.0	38.0
18	35.071452363162166	38.0	36.0	38.0	28.0	38.0
19	34.948787808919334	38.0	35.0	38.0	28.0	38.0
20	35.36673171998874	38.0	36.0	38.0	29.0	38.0
21	35.0283753421766	38.0	36.0	38.0	28.0	38.0
22	34.81559033242567	38.0	35.0	38.0	27.0	38.0
23	34.404043415033684	38.0	34.0	38.0	26.0	38.0
24	34.71509560469822	38.0	34.0	38.0	27.0	38.0
25	34.302024644986986	38.0	34.0	38.0	25.0	38.0
26	33.432222451542486	38.0	33.0	38.0	16.0	38.0
27	34.15338394294916	38.0	34.0	38.0	25.0	38.0
28	33.16402751676295	37.0	31.0	38.0	16.0	38.0
29	34.433879032911356	38.0	34.0	38.0	27.0	38.0
30	33.064445061924424	37.0	32.0	38.0	16.0	38.0
31	33.60813264589325	38.0	33.0	38.0	24.0	38.0
32	31.97838795862762	37.0	28.0	38.0	14.0	38.0
>>END_MODULE
>>Per sequence quality scores	pass
#Quality	Count
17	6.0
18	17.0
19	63.0
20	220.0
21	582.0
22	1446.0
23	2943.0
24	5677.0
25	10000.0
26	16327.0
27	25828.0
28	39182.0
29	56201.0
30	78258.0
31	106556.0
32	142802.0
33	190208.0
34	261894.0
35	368261.0
36	724937.0
37	138764.0
>>END_MODULE
>>Per base sequence content	fail
#Base	G	A	T	C
1	14.199428775832313	14.179100349593615	37.667098741758	33.954372132816076
2	39.09607164777722	22.344035403645428	18.389279743725382	20.170613204851964
3	22.519874000770447	21.73256313324474	11.7088875904767	44.03867527550812
4	36.99432486332855	17.011862676069317	17.342436161624352	28.651376298977777
5	21.451030965848332	32.98408566308508	25.167771624103068	20.397111746963517
6	33.63300236110317	12.544213085414427	18.338915072169396	35.483869481313
7	31.902356126611163	13.397647744049781	21.456778541055733	33.24321758828332
8	22.600282373931652	17.008974403872134	42.2438866596749	18.146856562521315
9	28.566721900383936	17.797851967493823	20.561457801501447	33.0739683306208
10	34.25046703820819	28.666883557950985	15.274430453010934	21.808218950829886
11	41.30511314310571	19.819304644977446	15.10594551952564	23.769636692391202
12	27.876359631640913	32.535221976209186	19.97972504394827	19.608693348201633
13	24.344429842427235	16.015182206755963	30.663836783443895	28.97655116737291
14	24.920605371371487	14.64851633879711	20.936727595785033	39.49415069404637
15	29.311639814724362	36.62119868839889	17.94539787629736	16.121763620579383
16	34.80589627568113	28.388144729086086	17.680269545246045	19.125689449986737
17	22.69944234740409	36.20388950577988	19.785376396538435	21.3112917502776
18	23.863108795096586	24.604382051516176	22.58896500814706	28.943544145240175
19	27.34121363748978	31.06657634963575	25.498975340872796	16.09323467200167
20	24.26677634701174	29.482809437616254	30.26727923361414	15.983134981757871
21	34.31302728950494	26.695432162270865	17.517255018669363	21.474285529554834
22	23.53612497141254	35.76817739883983	27.510767473274246	13.184930156473385
23	13.241779518652963	47.632406651604256	12.143022306665813	26.982791523076965
24	24.517785946049496	36.74624745074093	25.92641371631087	12.809552886898704
25	12.111660548418362	38.09989264464829	32.960564068630546	16.827882738302797
26	10.932471384994264	31.134385581955055	16.894047519099992	41.03909551395069
27	12.350865246138486	26.36918702291832	28.108421483686623	33.171526247256566
28	16.72408992830793	26.392659103037055	7.930210435952762	48.95304053270226
29	52.34851385984034	29.96582908651722	6.031460806551389	11.654196247091054
30	6.8744107577035685	28.484096660546815	7.656428323326551	56.985064258423066
31	5.215846414934239	53.01893296563428	23.473960543063217	18.291260076368264
32	0.10581170806549746	99.00536994418432	0.867656006137079	0.02116234161309949
>>END_MODULE
>>Per base GC content	fail
#Base	%GC
1	48.153800908648385
2	59.26668485262919
3	66.55854927627857
4	65.64570116230632
5	41.84814271281185
6	69.11687184241617
7	65.14557371489448
8	40.74713893645296
9	61.64069023100473
10	56.05868598903808
11	65.07474983549692
12	47.48505297984254
13	53.32098100980015
14	64.41475606541786
15	45.433403435303745
16	53.93158572566787
17	44.01073409768169
18	52.80665294033676
19	43.43444830949145
20	40.24991132876961
21	55.78731281905978
22	36.721055127885926
23	40.22457104172993
24	37.3273388329482
25	28.939543286721158
26	51.97156689894496
27	45.52239149339505
28	65.67713046101018
29	64.00271010693139
30	63.85947501612663
31	23.507106491302505
32	0.12697404967859693
>>END_MODULE
>>Per sequence GC content	fail
#GC Content	Count
0	1.0
1	1.0
2	1.0
3	1.5
4	2.0
5	2.0
6	2.5
7	3.5
8	7.5
9	23.5
10	52.5
11	71.5
12	76.5
13	94.5
14	126.0
15	206.0
16	326.5
17	487.5
18	781.5
19	1182.0
20	1809.5
21	2673.0
22	3584.0
23	5088.0
24	7040.0
25	8838.5
26	11062.5
27	12882.0
28	18974.5
29	26184.5
30	33022.0
31	43636.0
32	52002.0
33	63366.5
34	87631.5
35	110612.5
36	123078.0
37	157598.5
38	195004.0
39	211521.0
40	229414.0
41	235353.5
42	237053.5
43	249712.5
44	262556.5
45	281809.0
46	289340.5
47	297535.5
48	319207.5
49	326545.0
50	350139.0
51	373733.0
52	360428.5
53	345892.5
54	335579.5
55	307079.0
56	284044.0
57	338766.5
58	385148.5
59	360377.0
60	340867.5
61	321758.0
62	310956.5
63	243922.0
64	175574.5
65	167548.5
66	164915.5
67	159775.0
68	141679.5
69	130797.0
70	117456.5
71	106218.5
72	105084.5
73	102999.5
74	98654.5
75	95131.0
76	90426.0
77	84227.0
78	77042.5
79	66066.5
80	56918.0
81	51618.5
82	46109.5
83	40375.5
84	33861.0
85	28620.0
86	25370.5
87	23529.0
88	22210.0
89	20863.0
90	16723.5
91	10311.0
92	6199.0
93	4268.0
94	3359.5
95	3196.5
96	3194.0
97	1635.5
98	40.5
99	4.0
100	4.0
>>END_MODULE
>>Per base N content	pass
#Base	N-Count
1	0.03667912036465312
2	0.0
3	0.0
4	1.8431718776207602E-4
5	0.025620089098928565
6	0.0
7	0.0
8	0.0
9	0.0
10	0.005253039851219166
11	0.0
12	3.22555078583633E-4
13	0.0
14	0.0
15	0.0
16	0.0
17	0.0
18	0.0
19	0.0
20	0.0
21	0.0
22	0.0
23	8.357616853412972E-4
24	0.0
25	2.7456536303032303E-4
26	0.001749052887861223
27	0.005981136415919025
28	0.0
29	7.364366774922858E-4
30	0.0029771355986027313
31	0.03313496534082625
32	0.0
>>END_MODULE
>>Sequence Length Distribution	warn
#Length	Count
15	288781.0
16	167600.0
17	158629.0
18	158600.0
19	195496.0
20	149343.0
21	164096.0
22	169719.0
23	216782.0
24	136914.0
25	78343.0
26	68519.0
27	44946.0
28	36615.0
29	35021.0
30	25319.0
31	37646.0
32	37803.0
>>END_MODULE
>>Sequence Duplication Levels	fail
#Total Duplicate Percentage	88.27932178380101
#Duplication Level	Relative count
1	100.0
2	18.732325238974454
3	8.208100591301097
4	5.001519153013766
5	3.4597736072483074
6	2.593466862987979
7	1.8985517407935433
8	1.5199320665934357
9	1.2402521014950023
10++	13.15664415203995
>>END_MODULE
>>Overrepresented sequences	fail
#Sequence	Count	Percentage	Possible Source
CGCGACCTCAGATCA	127030	5.853453090354129	No Hit
TACCTGGTTGATCCTGCCA	44889	2.0684535603629572	No Hit
CGCGACCTCAGATCAGACGTA	32570	1.5008027013527039	No Hit
CGCGACCTCAGATCAGACGTGGCA	20512	0.9451785388439258	No Hit
CGCGACCTCAGATCAGACGA	17644	0.8130231152185172	No Hit
TCAGTGCACTACAGAACTTTGTA	16903	0.7788783561855926	No Hit
TACCTGGTTGATCCTGCA	16614	0.7655614393697827	No Hit
CGACTCTTAGCGGTGGATCA	13274	0.6116565875884492	No Hit
CGCGACCTCAGATCAGAA	12582	0.5797697141056101	No Hit
CGACTCTTAGCGGTGGATA	12581	0.5797236348086696	No Hit
CTCTCGGCGCCCCCTCGATGCTCTTA	12567	0.5790785246515022	No Hit
CGCGACCTCAGATCAGACGTGGCGACCCGCTA	12098	0.557467334386399	No Hit
CTCTCGGCGCCCCCTCGATGCTCTA	12008	0.5533201976617522	No Hit
TGGACGGTGTGAGGCCA	11119	0.5123557026816308	No Hit
CGACTCTTAGCGGTGA	10110	0.4658616920686471	No Hit
TACCCTGTAGATCCGAATTTGTA	8421	0.3880337595361105	No Hit
TACCCTGTAGAACCGAATTTGTA	8353	0.3849003673441552	No Hit
TACCTGGTTGATCCTGCTA	8237	0.37955516889905505	No Hit
TTCAAGTAATCCAGGATAGGCTA	8224	0.3789561380388282	No Hit
TGGAAGTCGGAATCCA	7690	0.35434979347259116	No Hit
GCATTGGTGGTTCAGTGGTAGAATTCTCGCA	7322	0.33739261219848016	No Hit
CGACTCTTAGCGGTGGATCACTA	7139	0.32896010085836513	No Hit
TACCTGGTTGATCCTA	7001	0.32260115788057353	No Hit
CGCGACCTCAGATCAGACGTGGCGACCCGCA	6822	0.31435296372822064	No Hit
TAGCTTATCAGACTGATGTTGAA	6694	0.3084548137198342	No Hit
TGAGATGAAGCACTGTAGCTCA	6545	0.30158899847569687	No Hit
TACCTGGTTGATCCTGCCAA	6198	0.28559948243733674	No Hit
TAGCTTATCAGACTGATGTTGA	6115	0.2817749007912737	No Hit
TACCTGGTTGATCCA	5872	0.2705776316347276	No Hit
CGCGACCTCAGATCAA	5862	0.2701168386653224	No Hit
CGCGACCTCAGATCAGACA	5848	0.2694717285081551	No Hit
CGCGACCTCAGATCAGACGCA	5719	0.26352749920282814	No Hit
GCATTGGTGGTTCAGTGGTAGAATTCTCGCCA	5507	0.25375868825143816	No Hit
TGAGATGAAGCACTGTAGCTCTA	5297	0.24408203589392913	No Hit
CGCGACCTCAGATCAGACGTGA	5254	0.24210062612548683	No Hit
AACCCGTAGATCCGATCTTGTA	4820	0.2221022112533016	No Hit
TAATACTGCCTGGTAATGATGA	4801	0.2212267046114317	No Hit
TCGGAGGTTCGAAGACGATCA	4652	0.2143608893672944	No Hit
TGAGGTAGTAGATTGTATAGTTA	4532	0.2088313737344321	No Hit
TGGAAGTCGGAATCCGA	4259	0.19625172566967042	No Hit
CGCGACCTCAGATTA	4247	0.1956987741063842	No Hit
CTCTCGGCGCCCCCTCGATGCTCA	4175	0.19238106472666683	No Hit
TACCTGGTTGATCCTGA	4086	0.18828000729896063	No Hit
TACCTGGTTGATCCTGCAA	3854	0.17758961040876023	No Hit
CGACTCTTAGCGGTGGAA	3850	0.17740529322099816	No Hit
TCGGAGGTTCGAAGACGATA	3720	0.17141498461873067	No Hit
ACGGCCCTGGCGGAGCA	3685	0.16980220922581252	No Hit
CGACTCTTAGCGGTGGATCACTCA	3602	0.16597762757974943	No Hit
CTGAGTGTCCCGCGA	3490	0.1608167463224113	No Hit
TGAAACTGCGAATGGCA	3409	0.15708432327022928	No Hit
GACTCTTAGCGGTGGATCACTCA	3383	0.15588626154977578	No Hit
TACCTGGTTGATCCTGCCAGTA	3364	0.15501075490790592	No Hit
AGAAGACGGTCGAACTTGACTATCTA	3271	0.15072538029243765	No Hit
TCGGAGGTTCGAAGACGAA	3259	0.15017242872915143	No Hit
CGCGACCTCAGATCAGACGTGGCGACCCA	3203	0.14759198810048235	No Hit
GACTCTTAGCGGTGGATCACTCGGCA	3162	0.14570273692592106	No Hit
TAGCTTATCAGACTGATGTTGACA	3147	0.1450115474718133	No Hit
TCGGAGGTTCGAAGACGA	3079	0.141878155279858	No Hit
TGAGGTAGTAGTTTGTACAGTTA	3005	0.1384682873062596	No Hit
CGATACGACTCTTAGCA	2984	0.1375006220705087	No Hit
TTCTGATCGAGGCCCAGCCA	2966	0.13667119472557937	No Hit
CGCGACCTCAGATCAGACGTGGA	2935	0.13524273652042326	No Hit
CCCCGGGCCGCGGTTTTCA	2885	0.13293877167339732	No Hit
CGCGACCTCAGATCAGA	2790	0.12856123846404802	No Hit
CGACTCTTAGCGGTGGATCACTCGGCA	2766	0.12745533533747555	No Hit
TAATACTGCCGGGTAATGATGGAA	2728	0.12570432205373583	No Hit
TGGACGGTGTGAGGCTA	2700	0.12441410173940129	No Hit
ACCCTGTAGATCCGAATTTGTGA	2697	0.12427586384857975	No Hit
TAATACTGCCTGGTAATGATGACA	2680	0.12349251580059091	No Hit
CGATACGACTCTTAGCGGTGA	2665	0.12280132634648314	No Hit
CGACTCTTAGCGGTGGATCACTCGA	2617	0.12058952009333822	No Hit
GCATTTGTGGTTCAGTGGTAGAATTCTCGCA	2612	0.12035912360863564	No Hit
GACTCTTAGCGGTGGATCACTA	2586	0.11916106188818212	No Hit
GACTCTTAGCGGTGGATCACTCGGCTA	2583	0.11902282399736058	No Hit
TAATACTGCCTGGTAATGATGAA	2582	0.11897674470042005	No Hit
TGGAAGTCGGAATCCGCTAAGGAGTGA	2577	0.11874634821571746	No Hit
TGAGATGAAGCACTGTAGCTA	2505	0.11542863883600009	No Hit
TCAGTGCACTACAGAACTTTGCA	2491	0.11478352867883283	No Hit
CGCGACCTCAGATCAGACGTGGTA	2489	0.1146913700849518	No Hit
GCATTGGTGGTTCAGTGGTAGAATTCTCA	2447	0.11275603961344999	No Hit
GCATTGGTGGTTCAGTGGTAGAATTCTCGA	2441	0.11247956383180688	No Hit
CGACTCTTAGCGGTGGATCACTCGGCTA	2386	0.10994520250007835	No Hit
GACTCTTAGCGGTGGATCACTCGGCTCA	2384	0.1098530439061973	No Hit
CTCCTACTTGGATAACTGTGGTAA	2361	0.10879322007656536	No Hit
GACTCTTAGCGGTGGATCA	2330	0.10736476187140925	No Hit
TAATACTGCCGGGTAATGATGA	2324	0.10708828608976616	No Hit
TGGACGGTGTGAGGCCGA	2257	0.10400097319475138	No Hit
CGGCCCTGGCGGAGCA	2191	0.10095973959667712	No Hit
TACCCTGTAGATCCGAATTTGA	2182	0.10054502592421247	No Hit
GAGAAGACGGTCGAACTTGACTATCTA	2179	0.1004067880333909	No Hit
>>END_MODULE
>>Kmer Content	fail
#Sequence	Count	Obs/Exp Overall	Obs/Exp Max	Max Obs/Exp Position
TCAGA	517525	15.411068	162.18336	8
GATCA	406975	12.119064	148.69211	11
AGATC	343765	10.236772	148.45221	10
ACCTC	329575	9.753515	151.27158	5
CCTCA	327230	9.684117	150.47762	6
CAGAT	315790	9.40372	151.57607	9
CTCAG	328385	9.077362	140.7676	7
GACCT	325145	8.987801	140.88031	4
CGACC	380235	8.912762	131.16727	23
GCGAC	374055	8.189645	113.637245	2
CGCGA	343430	7.519135	112.92163	1
TCTTA	181685	7.4775305	72.10527	22
TGGTT	208220	6.940254	66.49284	5
CTCTT	177000	6.762191	52.581047	21
ACTCT	192325	6.7121058	46.201202	3
ATCAG	191480	5.701968	91.8481	12
TTGAT	147180	5.6579275	75.5683	8
TGATC	167420	5.457576	64.21052	9
CTTAG	162060	5.28285	42.787804	6
GACTC	189595	5.240868	37.036057	2
GATCC	180285	4.983517	62.24325	10
ATCCT	139410	4.865382	62.241577	11
GTTGA	158245	4.818278	60.348408	7
CTGGT	166440	4.7042956	60.056812	4
TGGAT	154280	4.697551	40.746765	14
CCTGG	195295	4.6807113	51.58196	3
TTAGC	142750	4.6533804	42.483593	7
AGACG	191205	4.5097647	82.80918	15
CGGTG	198425	4.442081	30.75764	11
CAGAC	175665	4.435785	84.589195	14
TACCT	123625	4.314489	69.767876	1
ACCTG	147630	4.080853	55.25919	2
GTGGA	168350	4.0600204	34.115257	13
GTGGT	153510	4.0526857	30.836058	15
CGACT	142470	3.9382184	36.921253	1
GCGGT	167185	3.7427208	33.603977	10
GAATT	103140	3.6219678	122.18643	21
GGTTG	136965	3.6158953	52.263523	6
TCCTG	119395	3.6128805	58.081825	12
TAGCG	139430	3.5999956	34.055946	8
GGTGG	172060	3.59782	27.189766	12
AGCGG	168280	3.4413717	27.643723	9
GTAGA	122755	3.414365	41.06451	18
TTTGT	77540	3.263063	69.9468	18
TGGTA	105810	3.2217257	34.19248	16
CTGTA	96680	3.1515856	18.471743	5
GACGT	117990	3.0464284	83.34731	16
GTCGG	129610	2.9015408	14.737931	6
CCTGC	112990	2.899288	50.805	13
TCGGA	111370	2.8755043	16.973078	26
GGTTC	101140	2.858642	17.58528	9
CTGCC	110815	2.8434782	37.974243	14
CCCTG	110075	2.8244898	15.361286	3
TTGTA	72155	2.773799	70.01943	19
TCGGC	114970	2.7555308	29.899862	22
AACTG	88675	2.6405995	9.720116	14
CCCCC	112995	2.6322374	15.976615	10
GGATC	101665	2.6249273	29.04745	15
TCTCG	84985	2.5716374	218.65556	25
ACTGT	78185	2.5486836	15.350459	12
TGTAG	83680	2.5479066	17.591787	6
GAACT	84005	2.5015345	20.19193	14
AACTT	66400	2.4964113	26.139843	15
GAGGT	103045	2.4850895	11.51501	2
TGGAA	88940	2.4738188	16.077908	1
TCAGT	75385	2.457409	22.928612	12
TAGAA	76005	2.4381955	58.891422	19
CCTGT	80110	2.4241202	17.434294	4
TGCCA	85305	2.3580382	45.179733	15
TTCGA	71785	2.3400557	13.895984	8
GTAAT	66085	2.320707	18.708801	13
CGGCG	121965	2.3153105	14.496456	26
CAGTG	89320	2.3061867	19.728832	13
CGTGG	102775	2.3007936	58.80724	18
AATTC	60700	2.2821107	163.83768	22
GTTCA	69725	2.2729034	19.790096	10
CTCTC	69675	2.257226	22.04342	1
TGGCG	100760	2.2556844	56.88702	20
AACGA	82785	2.2519665	6.22346	1
ACGTG	86930	2.2444785	62.46686	17
AATCC	69905	2.2286415	15.172685	11
TGTGA	72885	2.2192183	11.2546625	19
GGATA	79565	2.2130585	14.298063	14
CGAAT	74135	2.2076218	26.6212	14
TGATG	72495	2.2073433	21.718678	17
TCCGA	79240	2.190387	10.220681	12
GTGGC	97375	2.1799052	65.4759	19
TCGAT	66835	2.178695	32.32065	15
AATTT	48930	2.1693985	42.897552	16
ATTTG	56385	2.1675649	40.118176	17
AGAAC	79145	2.1529489	15.918626	13
CTCGG	89335	2.1411266	25.125761	21
GGTAG	88500	2.1343143	29.933254	17
TCGAA	71520	2.1297512	12.679104	9
CCCTC	77460	2.1279404	21.486647	12
TCACT	60960	2.1274924	36.572865	18
ATTCT	51450	2.1175053	224.39589	23
AGTGG	87625	2.1132123	25.902422	14
ATCCG	76290	2.1088417	10.531364	12
TTGGT	63245	2.1080415	16.548206	4
TGTGG	78125	2.062511	8.45704	17
TTGGA	67340	2.0503829	6.9743366	8
GCTCT	67595	2.0454175	62.48494	20
AAGTC	68005	2.0250802	15.85392	4
CGATG	78095	2.016364	29.77995	16
GGAAT	72330	2.0118208	15.150104	9
GGTGT	76105	2.0091827	9.920809	6
GAGGC	97715	1.9982983	7.902638	11
CTCGA	71865	1.9865239	46.59874	26
TGAGG	81745	1.971407	10.6648855	1
ATCAC	61740	1.9683332	30.189556	17
CTTTG	55130	1.9673043	29.601313	17
ACTTG	59800	1.949367	7.3338943	15
GGCGC	102370	1.9433309	12.877041	6
TTCTC	50075	1.9130886	250.7469	24
TGGAC	74010	1.910892	11.706377	1
ATGCT	57910	1.8877568	50.58648	18
GTAGT	61215	1.8638875	13.713477	5
CCCGC	85615	1.862881	192.92435	26
TGAAA	57880	1.8567561	6.3415504	1
CGGAG	90265	1.8459436	8.33618	2
TAGAT	52040	1.8274889	11.0195055	7
GGAGG	95625	1.8265852	8.464582	3
CCCCT	66355	1.8228695	18.402645	11
CAGAA	66280	1.8029876	14.215584	12
GAAGA	70625	1.7944779	10.167976	11
GATGA	64420	1.791808	19.959394	18
ACTTT	43410	1.7866067	30.231155	16
AGGCC	81165	1.7770449	7.434891	12
ATAAC	50925	1.7489927	8.00723	12
ACCCT	59095	1.7488704	16.722721	2
GATAA	54450	1.7467238	7.6469193	11
GGCGA	85010	1.7384776	71.59052	21
CTGTG	61415	1.7358464	9.165237	16
TAGCT	53200	1.7342197	21.470135	16
AGTCG	66490	1.7167304	13.720325	5
ACTGC	61945	1.7123109	15.776494	5
AGGTT	56210	1.7114942	11.901592	5
TCTGA	52435	1.7092822	7.175154	2
CCGCG	83970	1.7065884	8.1939535	27
GGTAA	61240	1.703358	17.335531	12
CCTCG	66295	1.7011089	21.37719	13
TAACT	45120	1.6963565	11.9107895	13
TTCAG	51985	1.6946129	19.492954	11
TGGTG	63800	1.6843289	16.546055	5
CGGAA	71215	1.6796783	12.583587	8
CCGGG	88415	1.6784174	6.7984004	9
AGAAT	52270	1.6767907	81.71365	20
ACTGA	56280	1.6759284	12.898439	12
TGGCA	64800	1.6730958	43.011395	20
GACGA	70885	1.6718951	14.266295	16
CCGAA	65860	1.6630564	17.861633	13
GAATC	55815	1.6620815	15.626809	10
CTGAT	50970	1.6615258	14.760101	13
AGACT	55715	1.6591036	14.033857	10
AAGAC	60540	1.6468447	10.781894	12
GCACT	59330	1.640026	11.371135	6
TGCTC	54025	1.634791	55.841286	19
GCGCC	79735	1.6205171	14.446707	7
CACTA	50740	1.6176419	13.191943	19
TCCTA	46055	1.6073107	6.998244	2
CTCTA	45445	1.5860218	46.597717	21
ACCCG	67200	1.5751773	168.37523	25
TCTGG	55090	1.5570753	5.195276	9
GATGC	59875	1.5459352	33.611454	17
ACGGT	59825	1.544644	9.15836	4
CACTC	52185	1.5443745	26.26853	19
CATTG	46420	1.5132043	16.105381	2
GACCC	63420	1.4865737	151.85757	24
GCCCC	67355	1.4655651	14.504124	9
GATGT	48130	1.4654727	17.557367	15
TGAGA	52570	1.4622066	12.893865	1
TACTT	35525	1.462087	8.266593	5
GACGG	71215	1.4563661	7.5027328	3
TTGAA	41365	1.4526149	14.920815	19
CGCTA	52485	1.4508134	394.99362	28
CGCCC	66515	1.4472877	14.806898	8
AAGCA	53060	1.4433694	11.203847	8
GTGTG	54525	1.4394677	9.894412	7
GAAAC	52670	1.4327604	6.662622	20
CTACT	40910	1.4277512	6.96334	4
TACAG	47825	1.424152	12.378875	10
TCTCA	40775	1.4230397	42.76818	25
GGACG	69080	1.4127047	9.147471	2
CCCCG	64655	1.4068162	5.0687304	1
ATGAA	43595	1.3985019	12.322632	5
GCATT	41835	1.3637421	20.56075	1
AAACT	39400	1.3531725	8.916019	21
GAAGT	48575	1.3510878	14.641421	3
CTTGG	47700	1.3482028	6.3162584	7
GACTG	52010	1.3428657	9.768762	11
GCTCA	48340	1.3362355	17.31418	20
CAGGA	56520	1.3330816	9.726825	12
TAGTA	37710	1.3242623	15.3500595	6
ACGTA	44340	1.3203743	37.385002	17
TTGTG	39610	1.3202549	11.704246	18
GGATT	43105	1.3124704	28.310366	22
AGGAT	47155	1.3115913	20.849348	21
CTGGA	50580	1.3059442	7.1980534	16
AGTAG	46745	1.3001873	12.399062	7
TCCGC	50495	1.2956859	8.207628	13
GGTTA	42525	1.2948104	8.786787	17
TGTTG	38780	1.2925899	21.612274	17
TAATA	31875	1.2909912	17.458267	1
TGAAG	46215	1.2854457	10.862505	6
TACTG	39415	1.2848547	13.706419	4
GAACC	50725	1.2808766	7.942706	10
GGTCG	57155	1.2795122	5.698094	4
ATTGG	41920	1.2763892	12.914116	3
CTGCA	45835	1.2669913	15.129286	14
ATGAT	35850	1.2589446	23.721533	16
CCTAC	42440	1.2559788	5.9565454	3
AATGA	39105	1.2544652	19.420368	15
CGATC	45365	1.2539992	6.016068	13
ATCCA	39295	1.2527641	8.718401	9
GAATG	45000	1.251651	6.268482	15
GTCTG	44185	1.248854	6.255056	8
GTTCG	44085	1.2460277	11.06405	7
CCGCC	57265	1.2460185	24.594372	27
TTTGA	32255	1.239954	11.656733	18
CAAGT	41625	1.2395258	10.001767	3
GGAAG	56000	1.2337072	11.963976	2
GGTGA	51045	1.231029	6.479823	12
GTGAG	50905	1.2276528	9.914722	9
GGCTA	47365	1.2229347	15.373524	24
TGACT	37425	1.2199843	9.340052	17
TACCC	40805	1.2075924	16.855003	1
GATCT	36530	1.1908091	7.4893126	14
CTCGC	45200	1.1598178	203.24905	26
CCGCT	45195	1.1596895	163.30687	27
AATAC	33760	1.1594696	14.509406	2
CGGGT	51785	1.1592953	7.2020516	10
CTACA	36185	1.1536142	13.085571	9
TAGTT	29910	1.1498071	11.484274	18
TAATG	32585	1.1442875	20.098562	14
CGAAG	48455	1.1428605	9.360554	10
AGGTA	40935	1.1385852	12.4461355	3
TAATT	25560	1.1332481	12.824551	22
AAAGT	34960	1.121496	9.913787	20
ATCGA	37610	1.1199658	6.359373	6
AAGTA	34900	1.1195713	10.771942	4
GCCGG	58490	1.1103392	5.3020563	8
TTCAA	29360	1.1038349	13.808024	1
GTAGC	42600	1.0999054	15.724279	15
CGGTC	45280	1.0852433	5.449234	3
ACTCG	38550	1.065616	26.543764	20
AATGG	38200	1.0625126	5.580046	16
GAAAA	36110	1.0581878	7.099194	18
GGTTT	31650	1.0549374	5.452845	12
GAAGC	44725	1.0548847	10.024767	7
GGCTC	43570	1.0442592	17.18743	23
GTTTT	24740	1.0411166	5.536092	13
ATACT	27685	1.0408607	15.638893	3
TCCCT	32090	1.0396035	10.658417	1
ACGAT	34860	1.0380749	8.115017	15
CACTG	37400	1.0338271	10.767137	11
AGCTC	37355	1.0325834	18.20827	17
TTGAC	31430	1.0245588	8.444691	16
TTCTG	28600	1.0205859	8.342556	1
CGGCT	42510	1.0188537	24.010681	23
ACTAC	31935	1.0181198	13.064319	8
TGCAC	36775	1.0165507	11.316318	5
TGTCT	28400	1.013449	5.494774	7
TTAAG	28845	1.01295	5.4634457	1
GGCCA	46230	1.0121702	6.428062	13
TGTAA	28720	1.0085604	7.4895477	1
AAAAG	34395	1.0079304	7.578654	19
TTATC	24425	1.005249	14.42709	5
TTAGA	28405	0.99749845	5.4028077	4
ATGTT	25825	0.9927706	23.339106	16
TATCA	26385	0.99198514	13.138349	6
GCTTA	30390	0.9906567	11.407979	3
GATCG	38240	0.98733294	5.4635987	5
TTCTT	21600	0.97315943	7.4864354	1
TCGCT	31815	0.96271855	25.198606	27
AGGAG	43635	0.96130013	14.783011	20
GACTA	32245	0.96020454	10.086217	18
GTGCA	36705	0.9477003	11.20479	4
GAGAT	33895	0.9427714	10.770115	2
ACGAC	37130	0.9375839	5.3918114	5
GCTAA	31415	0.93548846	10.773013	16
CTTGA	28610	0.932632	8.060106	15
AGTGC	36010	0.92975575	11.348965	3
TAGTG	30190	0.91923165	5.6534257	13
CTTAT	22280	0.91696835	14.37907	4
CGATA	30705	0.9143458	6.765586	1
TCTAG	27990	0.91242117	5.000489	10
AGAAA	31085	0.91093236	7.6971016	17
TTCGG	32010	0.90473735	39.013275	25
AGATG	32425	0.90188414	10.777069	3
ATTGT	23430	0.90070146	6.5363817	12
CTCCT	27735	0.8985168	6.7067533	1
ACAGA	33015	0.89809346	11.901303	11
CCCGT	34880	0.8950099	9.566293	26
AGCTT	27280	0.88927656	11.522086	2
TAATC	23360	0.8782555	10.281367	7
TAGGA	31520	0.876712	15.558517	20
TACGA	29375	0.8747406	6.368372	4
AGTAA	27025	0.86694604	10.715796	5
AGTTA	24470	0.85931313	18.68646	19
AAGAA	29220	0.8562794	5.12122	18
GCCCA	36330	0.8515804	5.5009704	12
AGCAC	33070	0.8350634	10.383379	9
GGCGT	37200	0.8327853	6.0945334	23
ATCTA	22090	0.830508	17.847244	22
CTCCA	27935	0.82671463	7.697489	21
GATAC	27210	0.8102703	6.9441557	2
CGTGA	30985	0.8000135	6.728743	18
TAGCA	26645	0.79344547	5.1635957	21
AGTGA	28440	0.79104346	13.02046	23
CCCGA	33700	0.78993285	13.509279	26
AGATT	22480	0.78943026	8.292464	10
TCGCC	30510	0.782877	108.31703	27
TGTCA	23995	0.78219175	5.12408	13
AACCG	30945	0.7814042	7.3468604	11
TCGAG	30165	0.7788415	5.3525457	7
TGGGT	29380	0.77563614	5.526929	16
TCAAG	25985	0.77379173	10.475798	2
GGGTA	32045	0.7728148	5.2579856	17
CTAAG	25885	0.7708139	11.492067	17
GATTC	23535	0.7671966	36.931896	23
ACAGT	25760	0.7670915	5.178587	17
CCTCT	23535	0.7624515	7.623852	21
ATAGG	27400	0.76211643	16.337973	16
AGGCT	29505	0.7618007	11.467294	18
AAGGA	29955	0.76111275	14.199936	19
TGTAT	19770	0.7600029	13.42461	14
TCTTG	21295	0.7599083	10.233244	16
CCGAT	27180	0.7513215	5.443595	12
CAGTA	25160	0.74922454	8.422386	18
CTCAA	23440	0.74729073	9.129586	26
ATACG	24900	0.74148214	6.383262	3
GCCTG	30700	0.73579884	5.665606	8
AAAGA	25045	0.73393273	5.040846	17
CGTAG	28390	0.7330121	5.110692	5
AGCTA	23825	0.7094704	8.247	21
TGCCT	23370	0.70717376	7.1303544	7
CCAGG	32125	0.703352	6.304427	11
CTTGT	19530	0.6969246	10.175451	17
CGCCA	29500	0.6914842	252.86967	28
GTTTA	17970	0.6908068	6.6600823	20
ATTCA	18015	0.67730194	8.852094	24
TGCTA	20755	0.6765739	8.022107	15
GATAG	24290	0.6756134	14.240982	15
AATTA	16645	0.6741505	9.143625	23
ATCTT	16335	0.67229253	10.224219	15
ATGGA	23960	0.66643465	8.863538	19
TAAGG	23825	0.6626797	12.268307	18
AACAT	19075	0.65512097	6.969896	5
GGAGT	27145	0.6546437	19.176662	21
TCCAG	23675	0.65443474	7.718219	10
TCGTA	19955	0.65049535	27.928028	27
GTTAG	21295	0.64839476	9.431417	18
GTATA	17985	0.6315793	10.2976055	15
AACTA	18375	0.63107985	12.499327	22
ACCGA	24905	0.62888575	7.9490867	12
ATTCG	19285	0.6286546	41.36913	23
CTATT	15240	0.6272261	5.4924593	13
TAAAC	18215	0.6255847	6.93841	3
GTAAA	19460	0.62426525	6.601123	2
ACTGG	23980	0.6191486	5.2336235	15
GAGTG	25475	0.61436903	15.279565	22
AAACA	19540	0.61304224	6.3591604	4
CCGCA	26145	0.61284256	93.09747	27
TTAGG	20105	0.61216134	11.654144	19
AGTGT	19955	0.60759413	9.957138	23
TATAG	17295	0.6073486	11.260456	16
CCAGT	21915	0.605784	6.078913	17
GATGG	25055	0.60424006	5.6112304	18
AAGTT	16750	0.5882098	12.68317	21
TAGGC	22535	0.5818396	13.195477	17
TGACA	19435	0.57874316	14.672815	20
GACCA	22895	0.5781305	10.596075	24
AGACA	21210	0.57696694	6.3983574	15
CTGCT	18685	0.56540614	6.3818655	14
TCGCA	20375	0.5632147	156.82071	27
AGTTT	14635	0.56260204	5.778451	10
ACTCA	17460	0.5566423	10.311795	20
CCGTA	20070	0.55478376	12.405023	27
GTGTA	18090	0.55080825	6.818535	24
CGGTA	21245	0.54853266	5.9972205	25
CGGCA	24930	0.54582316	19.125406	27
ACTAT	14505	0.54533803	9.049601	19
TTGCA	16700	0.54438853	9.096631	19
ACATC	16625	0.5300216	6.5135336	6
ACCTA	16455	0.5246018	6.8519287	25
GCCAG	23510	0.51473325	5.566278	16
CTATC	14550	0.50779223	11.841315	20
CAGTT	15440	0.50331485	5.032058	18
CATTT	11990	0.49346724	6.2016597	2
TTCTA	11850	0.4877053	11.111541	24
ATGAC	16340	0.48657906	6.01069	19
GCTCC	18360	0.47111183	6.220029	20
GTTGT	14095	0.46980542	5.020588	12
GTTTG	13780	0.45930606	5.054365	11
GCTCG	19160	0.4592152	9.022458	25
TATCT	11085	0.45622057	15.170325	21
TCGTG	16125	0.45576036	6.057672	26
CATCC	15280	0.45219973	6.177019	7
GAGTA	16230	0.4514288	10.052375	22
ATAGT	12750	0.44774178	12.919333	17
GCCAA	17100	0.43179873	5.313057	16
ACGCA	17060	0.43078864	5.5444217	17
ACTAA	12295	0.42226538	6.584843	23
GTCCA	15045	0.4158805	5.4092045	24
CTAAC	12595	0.40154123	6.0050955	24
GCGCA	17870	0.39124987	6.099362	28
CTCGT	12540	0.37945908	22.399134	26
ACCCA	13680	0.36982977	28.040892	25
TACCA	10935	0.34861878	13.618742	25
TTTGC	9310	0.3322257	8.040872	18
ACCAA	11265	0.32807416	5.2452087	26
GAGTC	12700	0.32790607	5.523626	22
TTACC	9085	0.31706473	11.650085	24
TAGGG	12975	0.3129122	5.67832	22
CGCAA	11105	0.28041667	32.50475	28
GCCTA	9635	0.2663349	7.567945	28
ACTTA	6950	0.26129606	5.9592104	28
CTCAT	7045	0.24586916	5.031516	21
GTTAC	7540	0.24578978	13.690505	23
GCGTA	8760	0.22617774	5.3226433	24
TTACA	3415	0.12839222	6.4521923	24
>>END_MODULE
