##FastQC	0.10.1
>>Basic Statistics	pass
#Measure	Value	
Filename	20190110sample8-trimmed.fastq	
File type	Conventional base calls	
Encoding	Sanger / Illumina 1.9	
Total Sequences	4488568	
Filtered Sequences	0	
Sequence length	15-32	
%GC	53	
>>END_MODULE
>>Per base sequence quality	pass
#Base	Mean	Median	Lower Quartile	Upper Quartile	10th Percentile	90th Percentile
1	32.63434373724537	33.0	33.0	34.0	32.0	34.0
2	32.873627624667826	34.0	33.0	34.0	32.0	34.0
3	32.94144680441513	34.0	33.0	34.0	32.0	34.0
4	32.89814747153213	34.0	33.0	34.0	31.0	34.0
5	32.88076241687772	34.0	33.0	34.0	32.0	34.0
6	34.60330020621276	38.0	34.0	38.0	27.0	38.0
7	33.59794682847625	38.0	33.0	38.0	16.0	38.0
8	34.17985580256331	38.0	34.0	38.0	26.0	38.0
9	34.33150862368577	38.0	33.0	38.0	27.0	38.0
10	34.60692385633904	38.0	34.0	38.0	27.0	38.0
11	35.53118633827091	38.0	36.0	38.0	29.0	38.0
12	35.20962387113217	38.0	35.0	38.0	29.0	38.0
13	34.366509764361375	38.0	34.0	38.0	26.0	38.0
14	34.74505120564064	38.0	34.0	38.0	27.0	38.0
15	34.946675643546	38.0	34.0	38.0	28.0	38.0
16	35.71388947187501	38.0	36.0	38.0	30.0	38.0
17	35.15908098738291	38.0	35.0	38.0	29.0	38.0
18	35.0761941299147	38.0	35.0	38.0	29.0	38.0
19	35.60017460540097	38.0	36.0	38.0	29.0	38.0
20	34.680799377051315	38.0	35.0	38.0	27.0	38.0
21	35.31640803259739	38.0	35.0	38.0	29.0	38.0
22	35.49412446253031	38.0	36.0	38.0	29.0	38.0
23	35.49794776799517	38.0	36.0	38.0	29.0	38.0
24	36.02104169589455	38.0	37.0	38.0	31.0	38.0
25	35.83859032330745	38.0	36.0	38.0	31.0	38.0
26	34.56745536940816	38.0	34.0	38.0	27.0	38.0
27	35.058689090051246	38.0	35.0	38.0	28.0	38.0
28	35.28746342518981	38.0	36.0	38.0	28.0	38.0
29	35.538300780413635	38.0	36.0	38.0	29.0	38.0
30	35.45644328200095	38.0	36.0	38.0	28.0	38.0
31	34.86196660957807	38.0	35.0	38.0	27.0	38.0
32	35.166258210906996	38.0	36.0	38.0	27.0	38.0
>>END_MODULE
>>Per sequence quality scores	pass
#Quality	Count
15	1.0
16	6.0
17	25.0
18	97.0
19	240.0
20	597.0
21	1234.0
22	2480.0
23	4851.0
24	8717.0
25	15684.0
26	27006.0
27	44174.0
28	70845.0
29	108786.0
30	163244.0
31	236787.0
32	335213.0
33	461520.0
34	626052.0
35	834374.0
36	1200282.0
37	346353.0
>>END_MODULE
>>Per base sequence content	fail
#Base	G	A	T	C
1	26.745445713980143	13.286817525534303	33.617404324343596	26.35033243614196
2	27.869433914342462	18.167186704556467	19.719792222490813	34.243587158610254
3	18.845174342920938	32.09133305959912	11.590074186723118	37.47341841075682
4	27.586137754907668	14.692805250352176	32.32543254071427	25.39562445402589
5	21.63510864341606	23.404180421571255	33.636915969369035	21.323794965643653
6	43.63594275587923	11.383834778606131	20.512112709444246	24.46810975607039
7	43.488222410404035	13.237832920840884	20.0703476187389	23.203597050016185
8	23.521298338934972	15.176116381044636	41.167179005499754	20.135406274520637
9	44.48917784023769	15.176376964769164	16.699847256407836	23.634597938585316
10	42.230003473268866	20.24414473483408	15.565947884926304	21.959903906970755
11	30.02347296509711	15.82890133334284	29.418736666126033	24.72888903543402
12	23.03785973611183	22.322820997699043	29.98597771048584	24.65334155570329
13	20.616330197069534	15.261014203193534	23.62060683941961	40.50204876031732
14	24.193306194759664	27.528378761333233	18.105351194412115	30.172963849494984
15	41.10625036760053	24.447797159361293	19.841807008382183	14.604145464655987
16	27.44249297104678	21.130879957309144	32.06606483905748	19.36056223258659
17	40.596754223314754	24.631277594235637	17.810435528389977	16.961532654059635
18	38.052134930957195	19.757664644899336	21.306895224486613	20.883305199656863
19	23.02211537327148	22.0404712248464	41.847592555937304	13.089820845944816
20	25.73650148379116	35.577240126315886	25.904907907577844	12.781350482315112
21	45.87977891440114	18.29423101869869	15.622944117047496	20.203045949852672
22	24.139703303538088	40.588753493763924	24.344887621159852	10.926655581538135
23	14.368526861961744	48.88514521566663	12.428019987659605	24.31830793471202
24	21.11689862194006	22.37692089409756	45.280997207634215	11.225183276328163
25	9.727554414385876	25.814715586261052	50.13824165185055	14.319488347502526
26	10.986638246396897	18.984921356162136	16.336522562614665	53.691917834826306
27	11.676430971244509	14.949056174275293	45.986480018119444	27.388032836360754
28	17.27328321839513	16.389654620892095	8.386505972709625	57.95055618800314
29	57.831970633927256	23.923956529339048	6.51428114125578	11.729791695477926
30	6.95257304626413	24.77609234870683	9.460424242476062	58.81091036255298
31	4.963931681607934	48.137217635677956	20.606135671545537	26.29271501116858
32	0.17145679610456216	99.52764220410928	0.24526270171248624	0.05563829807366587
>>END_MODULE
>>Per base GC content	fail
#Base	%GC
1	53.0957781501221
2	62.113021072952726
3	56.318592753677756
4	52.98176220893356
5	42.95890360905971
6	68.10405251194962
7	66.69181946042022
8	43.65670461345561
9	68.123775778823
10	64.18990738023962
11	54.75236200053113
12	47.69120129181512
13	61.11837895738685
14	54.36627004425465
15	55.71039583225652
16	46.80305520363337
17	57.558286877374385
18	58.93544013061405
19	36.1119362192163
20	38.51785196610627
21	66.08282486425381
22	35.06635888507623
23	38.686834796673764
24	32.342081898268226
25	24.047042761888406
26	64.6785560812232
27	39.06446380760526
28	75.22383940639827
29	69.56176232940517
30	65.76348340881711
31	31.256646692776513
32	0.227095094178228
>>END_MODULE
>>Per sequence GC content	fail
#GC Content	Count
0	1.0
1	1.0
2	1.5
3	2.5
4	3.0
5	3.0
6	4.5
7	6.0
8	14.0
9	32.5
10	55.5
11	77.0
12	103.0
13	146.5
14	197.0
15	307.5
16	470.0
17	698.5
18	1090.5
19	1698.5
20	2854.5
21	4397.0
22	6142.0
23	9094.5
24	13131.0
25	17127.5
26	21565.5
27	26189.0
28	41129.0
29	56067.0
30	66930.0
31	84570.0
32	96505.5
33	116846.5
34	160696.0
35	204958.5
36	234579.5
37	300713.0
38	372630.5
39	405236.0
40	461032.0
41	491617.0
42	505272.5
43	554040.0
44	604067.0
45	692803.5
46	737605.0
47	737888.5
48	753452.0
49	750021.0
50	704269.5
51	658518.0
52	579694.5
53	481155.0
54	441350.5
55	383544.0
56	330695.0
57	328136.5
58	324279.5
59	299368.0
60	286495.5
61	271861.5
62	266715.5
63	279662.5
64	329938.0
65	372116.5
66	422841.5
67	414866.0
68	349225.0
69	332547.5
70	282500.5
71	235573.0
72	225979.5
73	211248.5
74	192061.5
75	181451.5
76	171743.0
77	158776.5
78	147091.5
79	128734.5
80	109212.5
81	97124.5
82	86739.5
83	76381.0
84	63823.5
85	52692.5
86	45377.5
87	41061.5
88	37391.5
89	33508.5
90	26979.0
91	17461.0
92	10762.5
93	7164.0
94	4872.0
95	4107.5
96	4064.0
97	2103.0
98	76.0
99	10.0
100	10.0
>>END_MODULE
>>Per base N content	pass
#Base	N-Count
1	0.010872064319845437
2	0.0025175066970133907
3	6.460857894990118E-4
4	6.90643430154116E-4
5	0.00376512063535631
6	0.0031635924865124026
7	2.227882032755213E-5
8	4.455764065510426E-5
9	0.0
10	2.227882032755213E-5
11	0.0
12	0.0
13	0.0
14	0.0
15	0.0
16	0.0
17	0.0
18	0.0
19	0.0
20	2.766201990835573E-5
21	6.949415206710355E-4
22	0.0
23	0.0
24	3.9743305935623E-5
25	0.0
26	0.0
27	0.0
28	0.0
29	0.0
30	0.0
31	0.0
32	0.0
>>END_MODULE
>>Sequence Length Distribution	warn
#Length	Count
15	186007.0
16	163336.0
17	164155.0
18	160755.0
19	199250.0
20	161537.0
21	194507.0
22	296393.0
23	446481.0
24	274782.0
25	254051.0
26	234501.0
27	158478.0
28	169834.0
29	254934.0
30	233011.0
31	408143.0
32	528413.0
>>END_MODULE
>>Sequence Duplication Levels	fail
#Total Duplicate Percentage	86.89967499717366
#Duplication Level	Relative count
1	100.0
2	15.673673891732927
3	8.181612527544344
4	5.745980411049576
5	4.257957487453185
6	3.349727279582415
7	2.722177071376505
8	2.26806196744112
9	1.9203539081548013
10++	23.45060450931271
>>END_MODULE
>>Overrepresented sequences	fail
#Sequence	Count	Percentage	Possible Source
GCATTGGTGGTTCAGTGGTAGAATTCTCGCCA	114167	2.5435060803356437	No Hit
GCATTGGTGGTTCAGTGGTAGAATTCTCGCA	103434	2.3043875017600266	No Hit
CGCGACCTCAGATCAGACGTGGCGACCCGCTA	83062	1.8505233740471347	No Hit
CTCTCGGCGCCCCCTCGATGCTCTA	74071	1.6502145004821136	No Hit
CTCTCGGCGCCCCCTCGATGCTCTTA	59461	1.3247209354965772	No Hit
GCATTTGTGGTTCAGTGGTAGAATTCTCGCCA	44335	0.9877314992220236	No Hit
GCATTGGTGGTTCAGTGGTAGAATTCTCA	44312	0.9872190863544898	No Hit
GCATTTGTGGTTCAGTGGTAGAATTCTCGCA	40268	0.8971235369498691	No Hit
TACCTGGTTGATCCTGCCA	37988	0.8463278266030503	No Hit
CGCGACCTCAGATCA	34092	0.7595295426069072	No Hit
GCATTGGTGGTTCAGTGGTAGAATTCTCGA	31000	0.690643430154116	No Hit
TCAGTGCACTACAGAACTTTGTA	29950	0.6672506688101862	No Hit
GCATTGGTGGTTCAGTGGTAGAATTCTCGCTA	28212	0.6285300790809006	No Hit
CGCGACCTCAGATCAGACGTGGCGACCCGCA	27953	0.6227598646160647	No Hit
TCCCTGGTGGTCTAGTGGTTAGGATTCGGA	20525	0.4572727872230074	No Hit
GCATTGGTGGTTCAGTGGTAGAATTCTCGTA	18866	0.42031222429959847	No Hit
TACCCTGTAGAACCGAATTTGTA	18002	0.40106332353659335	No Hit
TACCCTGTAGATCCGAATTTGTA	17552	0.39103785438919497	No Hit
TTCAAGTAATCCAGGATAGGCTA	17476	0.389344664044301	No Hit
GCATTTGTGGTTCAGTGGTAGAATTCTCA	16804	0.37437329678418596	No Hit
TGAGATGAAGCACTGTAGCTCTA	16749	0.3731479616661706	No Hit
CGCGACCTCAGATCAGACGTA	16516	0.3679569965298509	No Hit
CTCTCGGCGCCCCCTCGATGCTCA	16087	0.3583993826093311	No Hit
CGCGACCTCAGATCAGACGTGGCA	15224	0.3391727606666536	No Hit
TCCCTGGTGGTCTAGTGGTTAGGATTCGGCGA	14630	0.32593914139208763	No Hit
TCCCTGTGGTCTAGTGGTTAGGATTCGGA	14089	0.3138862995948819	No Hit
CGCGACCTCAGATCAGACGTGGCGACCCGCCA	14021	0.3123713398126084	No Hit
TACCTGGTTGATCCTGCA	13960	0.3110123317726277	No Hit
TGAGATGAAGCACTGTAGCTCA	13788	0.3071803746762887	No Hit
TAGCTTATCAGACTGATGTTGAA	13421	0.29900404761607713	No Hit
TGAGGTAGTAGATTGTATAGTTA	12729	0.28358710394941106	No Hit
AACCCGTAGATCCGATCTTGTA	12515	0.2788194363993149	No Hit
CTCTCGGCGCCCCCTCGATGCTCCA	12410	0.2764801602649219	No Hit
TCCCTGGTGGTCTAGTGGTTAGGATTCGGCA	12197	0.2717347715351533	No Hit
GCATTGGTGGTTCAGTGGTAGAATTCTA	11826	0.2634693291936315	No Hit
GCATTTGTGGTTCAGTGGTAGAATTCTCGA	11446	0.2550033774691617	No Hit
TAATACTGCCTGGTAATGATGA	11134	0.24805238552696537	No Hit
TAGCTTATCAGACTGATGTTGA	11120	0.24774048204237964	No Hit
GCATTTGTGGTTCAGTGGTAGAATTCTCGCTA	10949	0.24393080376636822	No Hit
TGGAAGTCGGAATCCGCTAAGGAGTGA	10739	0.2392522514975823	No Hit
TACCTGGTTGATCCTGCTA	10166	0.22648648744989494	No Hit
TCCCTGTGGTCTAGTGGTTAGGATTCGGCGA	9931	0.2212509646729202	No Hit
GCATTGGTGGTTCAGTGGTAGAATTCTCGCAA	9926	0.22113957057128242	No Hit
ACGGCCCTGGCGGAGCA	9778	0.2178423051628047	No Hit
AGAAGACGGTCGAACTTGACTATCTA	9626	0.21445592447301678	No Hit
TAATACTGCCGGGTAATGATGGAA	9449	0.21051257327504005	No Hit
GCATTGTGGTTCAGTGGTAGAATTCTCGCCA	8749	0.19491739904575356	No Hit
CGCGACCTCAGATCAGACGA	8566	0.19084037492581155	No Hit
TGAGGTAGTAGTTTGTACAGTTA	8549	0.19046163498024316	No Hit
GCATTGTGGTTCAGTGGTAGAATTCTCGCA	8232	0.1833992489364091	No Hit
TCCCTGTGGTCTAGTGGTTAGGATTCGGCA	8230	0.18335469129575402	No Hit
CTCTCGGCGCCCCCTCGATGCTCTCA	8039	0.17909943661319155	No Hit
TGGACGGTGTGAGGCCA	7943	0.17696066986174655	No Hit
CGACTCTTAGCGGTGGATCA	7900	0.1760026805876618	No Hit
GGCTGGTCCGAAGGTAGTGAGTTATCTCAATA	7523	0.16760356532417464	No Hit
CGACTCTTAGCGGTGGATA	7467	0.16635595138583176	No Hit
GCATGGGTGGTTCAGTGGTAGAATTCTCGCCA	7439	0.1657321444166603	No Hit
GAGAAGACGGTCGAACTTGACTATCTA	7289	0.16239032136752746	No Hit
GCATTTGTGGTTCAGTGGTAGAATTCTCGTA	7192	0.1602292757957549	No Hit
TGAGGTAGTAGGTTGTATGGTTA	7061	0.15731075033284558	No Hit
TACCTGGTTGATCCTGCCAA	6878	0.15323372621290354	No Hit
TTAAGCAGGAGGTGTCAGAAAAGTTACCA	6787	0.15120635356309628	No Hit
CGCGACCTCAGATCAGACGTGGCGACCCA	6716	0.1496245573198401	No Hit
ACCCTGTAGATCCGAATTTGTGA	6648	0.14810959753756653	No Hit
GCATGGGTGGTTCAGTGGTAGAATTCTCGCA	6609	0.147240723544792	No Hit
TGGAAGTCGGAATCCGCTAAGGAGTA	6605	0.1471516082634818	No Hit
TAATACTGCCGGGTAATGATGA	6420	0.14303002650288466	No Hit
TGGAAGTCGGAATCCA	6305	0.14046796216521618	No Hit
TAATACTGCCTGGTAATGATGAA	6293	0.14020061632128555	No Hit
TAGCTTATCAGACTGATGTTGACA	5849	0.1303088200958524	No Hit
CTCGGCGCCCCCTCGATGCTCTA	5826	0.1297964072283187	No Hit
CTCGGCGCCCCCTCGATGCTCTTA	5554	0.12373656809922452	No Hit
CGACTCTTAGCGGTGA	5536	0.12333554933332859	No Hit
TGGAAGTCGGAATCCGCTAAGGAGTGTGA	5458	0.12159780134777952	No Hit
CGACTCTTAGCGGTGGATCACTA	5274	0.11749849840750992	No Hit
TAATACTGCCGGGTAATGATGGA	5242	0.11678557615702825	No Hit
TGAGATGAAGCACTGTAGCTA	5152	0.11478048232754856	No Hit
TCGGAGGTTCGAAGACGATCA	5117	0.11400072361608424	No Hit
TACCTGGTTGATCCA	5064	0.11281994613872397	No Hit
AACCCGTAGATCCGATCTTGTGA	5013	0.11168372630201882	No Hit
GCATTGGTGGTTCAGTGGTAGAATTCTCGAA	5012	0.11166144748169127	No Hit
TAATACTGCCTGGTAATGATGACA	4986	0.1110821981531749	No Hit
CGCGACCTCAGATCAGACGTGGCGACCCGCAA	4862	0.10831962443255845	No Hit
TGGAAGTCGGAATCCGCTAAGGAGTGTA	4834	0.107695817463387	No Hit
CGGCCCTGGCGGAGCA	4832	0.10765125982273188	No Hit
GCATGGGTGGTTCAGTGGTAGAATTCTCA	4829	0.10758442336174921	No Hit
GCATTTGTGGTTCAGTGGTAGAATTCTA	4735	0.10549021425095932	No Hit
TACCTGGTTGATCCTGCCAGTA	4689	0.10446538851589192	No Hit
CGCGACCTCAGATCAGACGTGGCGACCCGTA	4611	0.10272764053034286	No Hit
GCATTGGTGGTTCAGTGGTAGAATTCA	4575	0.10192560299855098	No Hit
>>END_MODULE
>>Kmer Content	fail
#Sequence	Count	Obs/Exp Overall	Obs/Exp Max	Max Obs/Exp Position
GTGGT	1752950	12.793368	128.85576	15
TAGAA	761230	10.551911	273.20886	19
AATTC	715125	10.503469	422.06668	22
GAATT	809900	10.009785	319.8033	21
AGAAT	707755	9.810659	320.23874	20
GTAGA	877905	9.351338	191.7829	18
ATTCT	685215	8.973373	416.84793	23
TGGTT	1018450	8.624265	110.98372	8
TCAGT	751285	8.479428	153.8275	12
GTTCA	733140	8.274634	146.32948	10
TCAGA	652600	8.260967	85.39954	8
TCTCG	799730	8.242782	333.61694	25
TTCAG	703395	7.938915	146.06512	11
TTCTC	663210	7.9313745	402.1457	24
TGGTA	822475	7.811367	155.4976	16
CAGTG	779710	7.584519	137.30469	13
AGTGG	917480	7.5098968	138.555	14
GCATT	645655	7.2872286	147.84042	1
GGTTC	783860	6.7984734	113.29965	9
GGTAG	826285	6.763433	139.60616	17
CGACC	528265	6.2545314	109.058975	23
CATTG	509985	5.75598	109.62097	2
GATCA	419650	5.312159	74.329124	11
CTCGC	498505	5.2624803	343.0706	26
GCGAC	518795	5.168699	82.08999	22
CCCCC	392500	5.0432296	56.11912	10
AGATC	384675	4.8694263	74.20318	10
ACCTC	348565	4.7884364	82.283745	5
CCTCA	332865	4.5727563	81.40524	6
ATTGG	480940	4.5676756	85.2128	3
GGTGG	725205	4.561516	72.07198	6
TTGGT	512100	4.3364778	77.211395	4
TGGTG	592015	4.32064	77.977425	5
CCCTC	334970	4.202275	56.93207	12
CTCGA	344275	3.9797695	56.113377	14
ATCAG	312465	3.9553528	66.92786	12
CTCAG	341080	3.9428356	68.72849	7
CCCCT	313355	3.93111	54.44004	11
CAGAT	307215	3.8888953	74.79881	9
CTCTC	317265	3.886066	53.523144	1
CAGAC	299555	3.8837473	72.36809	14
AGACG	344260	3.7558084	62.57123	15
GACCT	319680	3.6954546	68.4364	4
TCGGC	409275	3.6356218	38.23244	4
CGCGA	353535	3.522231	58.669144	1
CGGCG	457370	3.5015807	34.17175	5
CCCTG	328340	3.4661298	37.657516	2
TCTTA	258600	3.3865488	40.50466	22
TTTGT	335835	3.2997067	34.181602	4
ATGCT	283475	3.1994596	64.99524	18
CGCCC	293520	3.1735783	47.060535	8
TCGAT	277455	3.1315145	56.550293	15
ACTCT	232895	3.1237736	17.96341	3
ATTTG	281695	3.1042054	37.939526	3
CCCGC	286585	3.0985963	126.85822	26
GCCCC	286285	3.0953524	46.652584	9
ACCCG	258135	3.0562568	120.091934	25
CTCTT	252915	3.0246284	32.782787	21
CCTCG	285815	3.017213	49.04311	13
CGCCA	251915	2.982613	416.1341	28
TGTGG	404705	2.9536154	26.53545	6
GCGCC	319580	2.9075928	40.26328	7
CGATG	297255	2.8915057	51.296986	16
CTCGG	324725	2.8845572	38.528336	3
CCTGG	324340	2.8811371	35.786373	3
GACCC	243230	2.879785	115.851654	24
GCTCT	278405	2.8695078	60.493618	20
GGCGC	365390	2.7973907	33.249313	6
GATCC	239760	2.771591	35.433506	10
CGCTA	235540	2.7228084	286.0568	28
TCGCC	247515	2.612898	192.82979	27
TGCTC	253085	2.6085362	62.97029	19
GATGC	266970	2.5969129	53.03255	17
CTGGT	298405	2.588088	34.81058	4
GACTC	220215	2.5456536	15.36593	2
GGCGA	297985	2.4981718	61.644962	21
TTGTG	292865	2.4799893	29.567265	5
TCGCA	210410	2.4323092	205.83026	27
TCTCA	180810	2.4251678	80.295944	25
CTGTA	213715	2.4121087	16.253826	5
GACGT	245625	2.3892822	55.585922	16
TGGCG	319040	2.384795	49.20823	20
CATTT	178380	2.3360116	44.72266	2
AGGAT	216715	2.3084223	36.820354	21
ACGTG	234310	2.2792175	53.363995	17
AATCC	151485	2.278825	16.677856	11
CCTGT	220220	2.2697978	18.549337	3
CGTGG	295015	2.2052102	42.6633	18
GTGGC	294470	2.2011366	45.696056	19
AACGA	154560	2.1943347	6.6972346	2
CTCTA	162460	2.179043	46.3835	21
TGATC	191755	2.1642551	26.754873	9
ATCCT	157480	2.1122475	29.220594	11
AGAAC	148350	2.1061697	16.263945	13
TCGGA	215740	2.0985804	18.650257	26
TCCCT	168740	2.0668359	35.597446	1
TAGGA	191995	2.0451078	33.623886	20
GGTTA	214120	2.0335815	23.17581	17
AACTT	137505	2.0196183	18.103594	15
ATCCG	173340	2.0037854	13.391048	10
GTAAT	160405	1.9824907	17.675396	13
TGGAT	208530	1.980491	11.687167	14
GGATT	207970	1.9751725	36.15612	22
GTCGG	263355	1.9685549	10.706167	6
CCGAA	149820	1.9424247	19.946384	13
TTGTA	175440	1.933303	25.071198	19
TAGTG	203475	1.9324818	19.826736	13
GAGGT	235965	1.9314567	14.391211	2
TCCGA	166245	1.9217682	12.466124	11
TGTAG	201020	1.9091656	14.077392	6
GAACT	150780	1.9086556	16.326708	14
TCTAG	168490	1.9016737	20.166758	11
CTTAG	168285	1.89936	15.20512	6
CTAGT	167825	1.8941681	19.270853	12
CCGCT	178980	1.889407	95.373276	27
GTCTA	167290	1.8881298	19.90707	10
TGGAA	176655	1.8817078	13.615682	1
CGGTG	251345	1.8787811	11.33178	11
ACCTG	159190	1.8402134	27.817797	2
AAGCA	129180	1.8340074	16.827414	8
CGACT	158130	1.82796	15.423379	1
CGAAT	142815	1.8078302	23.666464	14
ACTGT	159365	1.7986838	14.35183	12
GTTGA	187385	1.7796687	22.937897	7
GATTC	157570	1.7784244	46.2949	23
CTGCC	168280	1.776452	16.67913	14
CAGAA	124500	1.7675639	15.430634	12
GTAGT	185020	1.7572074	16.095894	5
TTGAT	157635	1.7370965	26.286852	8
AATTT	121045	1.7358297	24.8246	16
ACCCT	125985	1.7307278	19.369907	2
GTGGA	211350	1.729974	10.911306	13
CCGCG	190020	1.7288342	5.2343493	8
AACTG	135770	1.7186507	7.191631	14
TGGTC	196985	1.7084649	15.775657	8
GATGA	160210	1.7065377	12.739836	4
TCGAA	132700	1.6797891	10.269168	27
AAGTC	131820	1.6686496	14.801332	4
TACCT	123925	1.662181	32.277725	1
GGAAT	155275	1.6539707	12.904483	9
GAAGA	136225	1.6274403	5.865278	11
GCACT	137250	1.5865902	13.76006	10
AAGAC	111635	1.5849158	6.3027616	12
ACTGC	136205	1.5745101	16.85228	5
TGATG	165185	1.5688263	13.953578	17
AGCGG	185005	1.5509984	11.482383	9
ATTCG	136200	1.5372305	44.535553	24
GTTAG	161845	1.5371053	23.205097	18
TCCTG	147790	1.5232652	22.640974	12
TAGAT	122640	1.5157427	12.549426	7
GAATC	117815	1.4913666	14.785796	10
GGTCT	171280	1.4855236	15.519454	9
TTAGG	156135	1.4828752	25.150846	19
ACTTG	130665	1.4747593	7.2034645	15
CAGGA	134240	1.4645317	11.160251	12
CCGCC	134715	1.456557	17.633926	27
TTAGC	128475	1.4500418	14.954298	7
GGTAA	135645	1.4448742	17.557053	12
ATAAC	87085	1.4345514	7.542851	12
CTGTG	165315	1.4337888	11.513031	4
CCCCG	132260	1.4300133	5.173592	1
AATGA	102920	1.4266421	20.404655	15
AGTAG	133645	1.4235705	17.836004	7
CACTA	94290	1.418427	13.754533	7
AATAC	85785	1.4131365	21.550108	2
AGACT	110265	1.3957946	13.897598	10
GCGGT	186570	1.3945938	12.606963	10
CCTGC	131375	1.3868635	22.990479	13
GGATA	129835	1.3829868	11.770383	14
TAGCT	121410	1.3703021	15.346127	16
TTCGA	120635	1.3615551	5.86638	8
CGGAA	124720	1.3606703	12.719445	8
ATGAA	97400	1.3501257	16.087307	5
CCGGG	176230	1.3492	6.8326163	9
GCTCA	116305	1.3444688	13.78953	20
AGTCG	137620	1.3386791	11.364814	5
AAAGT	96115	1.3323134	10.411121	20
AGGTA	124895	1.3303665	17.919176	3
GAAAA	85470	1.3287734	10.06833	18
TAACT	90400	1.3277589	9.567473	13
TGAGA	124505	1.3262123	14.096002	1
TAGTA	107270	1.3257803	20.457363	6
TCCGC	125225	1.3219408	10.881859	13
AGGAG	143915	1.3211902	13.696894	20
TGGAC	135145	1.3146037	5.9300847	1
ATCAC	87370	1.3143278	13.519444	17
TCGCT	126920	1.3081589	52.423042	27
TAGCG	133895	1.3024447	12.902517	8
GGATC	133890	1.3023959	10.266564	15
GAACC	100250	1.2997469	10.067209	10
AAAAG	83020	1.290684	10.38773	19
TGCCA	111610	1.2901955	18.851309	15
GCTAA	101730	1.2877537	13.950094	16
TCACT	95840	1.2854825	12.664869	18
ACTGA	99710	1.2621837	11.322798	12
GGTTG	172545	1.2592669	17.589191	6
CTCCA	91605	1.2584301	8.417558	21
GATAA	90725	1.2575991	6.3931103	11
AGTTA	101725	1.2572482	13.179118	19
TGAGG	153150	1.2535865	13.640495	1
ATGAT	101385	1.253046	18.732485	16
TACAG	98430	1.2459807	11.912602	10
AGCTC	107510	1.2428001	14.622004	17
ACGAA	87425	1.241199	5.694951	3
TAATA	76225	1.2259694	21.360628	1
AGAAA	78225	1.2161378	10.094172	17
TTCGG	140100	1.2150972	33.716213	25
CAAGT	95970	1.2148407	11.988385	3
TGTGA	123720	1.1750172	6.2042727	19
AAGTA	83250	1.1539832	13.123377	4
TACTG	102155	1.1529793	14.736636	4
GAAGC	104850	1.1438926	13.282542	7
TACCC	82790	1.1373334	19.516584	1
CTGAT	100390	1.1330584	10.164245	13
TCCTA	84270	1.1302965	5.832225	2
CTGGA	116175	1.1300758	5.7192082	28
CACTC	80500	1.1058744	10.913887	19
GAAGT	103395	1.1013511	12.484907	3
GGAAG	119690	1.0987962	11.145777	2
CACTG	93270	1.0781877	13.757664	11
CTACT	80360	1.0778525	5.8918233	4
TGAAG	100200	1.0673183	12.635531	6
TGGCA	109670	1.0667993	6.43924	20
AAGGA	88875	1.0617636	15.618002	19
AGGTT	111745	1.061286	6.8696475	10
GGACG	124800	1.0462669	5.056607	2
CGATC	90385	1.0448376	7.5040836	13
CTACA	69200	1.0409921	13.890161	9
ATACT	70725	1.0387805	19.08612	3
CGAAG	95165	1.0382311	5.2012963	10
GACTG	106285	1.0338722	8.382896	11
ACTAC	68250	1.0267011	13.810661	8
CCCGT	96565	1.019391	7.6878057	3
ACTTT	77795	1.0187804	15.281285	16
TGACT	90110	1.0170325	6.9815946	17
GACTA	80130	1.0143293	8.19612	18
CCTAC	72855	1.0008507	5.9975176	3
CTTTG	99450	1.0007938	12.246512	17
ATCCA	66485	1.0001497	11.397135	9
AGCAC	76835	0.99617004	15.466308	9
TAATG	80495	0.99486053	18.131815	14
TAATT	68510	0.98245853	5.895329	22
ATTGT	88400	0.97414494	8.866947	3
CTAAG	76790	0.9720498	14.383621	17
TTCAA	65925	0.96828	14.196063	1
AGCAG	88625	0.9668812	5.386006	4
CTCAA	62885	0.94599414	21.31855	26
GCCGG	123415	0.94485337	6.193082	8
TGCAC	81405	0.9410301	10.539114	5
CTGCA	80915	0.93536574	6.0507	14
GGCTA	95770	0.931589	7.351015	19
ACAGA	65215	0.925877	14.08463	11
GACAA	64245	0.9121056	5.055712	16
TATCA	61770	0.907253	11.893786	6
GTAGC	92915	0.9038174	13.398596	15
TAGTT	80830	0.8907255	7.2734523	18
GATGT	93330	0.88639164	10.055115	15
TTGAC	78360	0.8844154	6.6337676	16
GGCTC	98050	0.8709857	5.3383636	23
GCATG	89315	0.8687989	6.6137433	1
TTATC	66125	0.8659534	10.687859	5
AGTAA	61915	0.8582447	12.992545	5
AGTGA	80545	0.8579557	6.726786	23
AGATG	80250	0.8548134	12.5279665	3
CTTGA	75480	0.8519101	6.7466254	15
AACCC	55070	0.8484904	9.624449	1
GAGAT	78845	0.8398475	12.50506	2
GATCT	74385	0.8395513	7.3155603	14
TTGAA	67485	0.8340662	6.991894	19
TACTT	62960	0.82450557	5.6886992	5
TCGTA	71785	0.81020623	36.574135	27
TCAAG	63310	0.8014126	12.850702	2
CCAGG	80380	0.80081725	8.127412	11
GGCGT	106355	0.794994	5.8067803	23
TAAGG	73630	0.78429794	12.609255	18
CGGCT	88285	0.78424245	6.789776	23
TGTCA	68645	0.7747664	5.926288	13
GTGCA	78110	0.7598039	9.547031	4
TTAAG	60975	0.75360733	6.3661537	1
GGAGT	91895	0.7521929	12.588834	21
ATTCA	51090	0.75038946	9.228564	23
CGGGT	99930	0.7469677	6.1365304	10
TAATC	49460	0.72644866	11.184029	7
TGTAA	58205	0.7193721	5.559014	1
ATGGA	67125	0.7150075	6.7846613	19
AACTA	43280	0.71295154	5.1899805	22
AACCG	54965	0.7126243	9.197817	11
CTCCT	57935	0.7096251	5.4546523	1
GTCAG	72720	0.7073735	5.3032484	14
ACTCG	61070	0.7059604	9.421671	20
CCGCA	59195	0.70085466	43.628292	27
AGTGC	71340	0.69394976	9.641893	3
GCCTG	78085	0.69363505	5.8379264	8
AAGTT	56110	0.6934794	9.673368	21
TCCAG	59475	0.6875224	9.032398	10
TTCTA	52325	0.6852327	16.907175	24
TGTTG	80730	0.683624	8.295681	17
CAGTA	53720	0.6800171	5.5959845	18
GCTCC	64325	0.67904836	7.889693	20
GCTTA	59970	0.6768554	9.229051	3
GTATA	54755	0.6767324	9.688734	15
ATAGG	63315	0.6744238	12.304856	16
TGGGT	92005	0.6714703	5.0349836	4
ATCTA	45695	0.67114985	7.57598	22
TATAG	53305	0.6588116	9.944424	16
ACCGA	50070	0.6491603	9.455921	12
AATTA	40285	0.6479263	6.687308	22
CCGAT	56045	0.6478721	7.082136	12
AAACA	34880	0.6444232	8.096533	4
TGTAT	58440	0.64399356	12.233607	14
TGCCT	62160	0.6406804	6.7320333	7
GGCCA	63920	0.63682806	5.228207	28
GGGTA	77585	0.6350605	5.6975083	11
CCGTA	54865	0.63423157	7.2741466	4
AGCTT	55260	0.62369573	9.272543	2
CGTAG	63300	0.61574167	6.3125525	5
AGGCT	63110	0.6138935	7.0327597	18
CTCGT	59065	0.6087804	29.418417	26
TATCT	46475	0.60862285	9.2059965	23
GATAG	56830	0.6053464	11.776077	15
TACCA	40035	0.60225606	11.471679	25
TAAGC	47525	0.60159737	6.258714	2
ACTAT	40885	0.6005025	6.414989	19
CGGCA	60165	0.5994174	16.645052	27
ACCAA	35020	0.59085304	5.332011	26
GAGTG	71485	0.58512986	10.165945	22
GTAGG	71270	0.58337003	5.708543	8
ATGTT	52815	0.5820075	10.989662	16
CTATC	43270	0.5803718	6.8283973	20
CTTAT	43400	0.56835353	10.664855	4
CTTGT	55905	0.5625881	6.635561	17
AACAT	34015	0.56032914	7.2104154	5
CATGG	57535	0.5596636	6.410595	2
TGACA	44185	0.5593178	6.4841905	20
CAACC	36300	0.55929184	5.633748	9
ATGGG	67985	0.5564812	6.028868	3
AGATT	44900	0.5549319	6.74161	10
ATCTT	42225	0.5529661	8.66945	15
TCTTG	54760	0.55106556	7.0091453	16
TAAAC	32710	0.5388319	7.225895	3
AGTGT	55955	0.5314266	6.943923	23
ATAGT	42815	0.5291627	10.589691	17
GTAAA	37530	0.5202281	6.150966	2
ATCTC	38745	0.51967883	9.718277	24
CGCAA	38800	0.5030441	49.730328	28
TAGGT	51645	0.49049282	6.328266	9
TTACC	36455	0.48896354	9.161827	24
TAGGC	49795	0.4843738	8.833736	17
AGTTT	43370	0.47792608	5.8396125	10
TGCCG	50780	0.45108265	5.5617275	7
ACATC	29740	0.4473859	6.606193	6
GGCAA	40855	0.4457199	5.3708854	28
GTTGT	51670	0.43754306	5.5945406	12
ACCCA	27670	0.42632526	9.66357	25
GTTAC	37320	0.4212147	9.310555	23
ACGTA	33270	0.42114982	6.483455	17
CATCC	27860	0.3827287	6.0098376	7
CAATA	20520	0.338026	24.849337	28
GCGCA	32375	0.32254863	5.018379	28
GCCTA	23315	0.26951805	7.303837	28
GTTAT	23915	0.26353705	5.9519353	21
ACTTA	14205	0.20863736	5.374686	28
TCAAT	14075	0.20672797	12.499305	27
>>END_MODULE
