##FastQC	0.10.1
>>Basic Statistics	pass
#Measure	Value	
Filename	20190308sample11-trimmed.fastq	
File type	Conventional base calls	
Encoding	Sanger / Illumina 1.9	
Total Sequences	1153958	
Filtered Sequences	0	
Sequence length	15-32	
%GC	54	
>>END_MODULE
>>Per base sequence quality	pass
#Base	Mean	Median	Lower Quartile	Upper Quartile	10th Percentile	90th Percentile
1	33.025695909209865	34.0	33.0	34.0	32.0	34.0
2	33.285308477431585	34.0	33.0	34.0	32.0	34.0
3	33.27214248698826	34.0	33.0	34.0	32.0	34.0
4	33.13671381454091	34.0	33.0	34.0	31.0	34.0
5	33.320515997982596	34.0	33.0	34.0	33.0	34.0
6	34.63163304037062	38.0	35.0	38.0	27.0	38.0
7	34.27583499572775	38.0	34.0	38.0	26.0	38.0
8	34.56868274235284	38.0	34.0	38.0	27.0	38.0
9	34.82864887630226	38.0	35.0	38.0	28.0	38.0
10	35.18732830830931	38.0	36.0	38.0	28.0	38.0
11	35.30436203050718	38.0	36.0	38.0	29.0	38.0
12	35.20549361415233	38.0	36.0	38.0	28.0	38.0
13	35.08578908417811	38.0	36.0	38.0	28.0	38.0
14	35.322416413768956	38.0	36.0	38.0	29.0	38.0
15	35.224193601500225	38.0	36.0	38.0	28.0	38.0
16	35.29768642911716	38.0	36.0	38.0	28.0	38.0
17	35.321038161056066	38.0	36.0	38.0	28.0	38.0
18	35.359366179903084	38.0	36.0	38.0	29.0	38.0
19	35.022693808709754	38.0	36.0	38.0	28.0	38.0
20	35.5565088959996	38.0	36.0	38.0	29.0	38.0
21	35.020781695842956	38.0	36.0	38.0	28.0	38.0
22	35.413580787118065	38.0	36.0	38.0	29.0	38.0
23	35.489526004672534	38.0	36.0	38.0	29.0	38.0
24	35.6923796112911	38.0	36.0	38.0	29.0	38.0
25	35.50706014233411	38.0	36.0	38.0	29.0	38.0
26	34.78200503355705	38.0	35.0	38.0	27.0	38.0
27	35.43783808904173	38.0	36.0	38.0	28.0	38.0
28	35.12926511538967	38.0	35.0	38.0	28.0	38.0
29	35.36046493314224	38.0	36.0	38.0	28.0	38.0
30	34.97320369379638	38.0	35.0	38.0	27.0	38.0
31	34.85676401708224	38.0	35.0	38.0	27.0	38.0
32	34.52031383515886	38.0	34.0	38.0	27.0	38.0
>>END_MODULE
>>Per sequence quality scores	pass
#Quality	Count
16	1.0
17	10.0
18	51.0
19	159.0
20	380.0
21	829.0
22	1729.0
23	2944.0
24	4783.0
25	7473.0
26	11016.0
27	15848.0
28	21430.0
29	29443.0
30	38675.0
31	50400.0
32	66685.0
33	88368.0
34	122640.0
35	180256.0
36	407289.0
37	103549.0
>>END_MODULE
>>Per base sequence content	fail
#Base	G	A	T	C
1	14.363441538850994	15.729650346255344	36.36816808902421	33.53874002586945
2	35.76984604292357	20.91479932545205	19.829144561587164	23.48621007003721
3	23.433781818749036	21.445061258728654	12.295941446742429	42.825215475779885
4	34.18945923508481	16.451898595962763	19.179727511746528	30.178914657205897
5	22.050991786255413	28.814155794174447	24.77341992032425	24.36143249924589
6	36.126358151683164	12.276789969825591	18.06720868523811	33.529643193253136
7	34.334005223760315	12.808785068434034	21.200598288672552	31.656611419133107
8	24.152265507063515	16.86031900641098	38.14428254754505	20.84313293898045
9	31.576105889469115	17.93496817041868	18.873650514143495	31.615275425968708
10	35.16731027884469	24.19456037937298	16.674437388205604	23.963691953576728
11	38.10453942391268	18.479111440027662	16.083528242386848	27.332820893672817
12	28.747952684258415	28.363620607478662	19.219203605008882	23.66922310325404
13	26.41274639111649	15.847717161283168	26.3941148637992	31.34542158380114
14	26.940928525994877	15.016924359465422	20.92251191117874	37.11963520336096
15	30.522428025976684	32.926241682972865	19.05788598891814	17.493444302132314
16	30.97873188913654	28.43615322200133	19.019886167337567	21.56522872152456
17	25.47404651545873	33.38217301167059	19.607433023353096	21.53634744951758
18	25.502326239180178	25.733318344834586	23.774660008872225	24.98969540711301
19	24.542479830045654	29.35026410549671	29.35053353217022	16.75672253228742
20	26.394630028512022	28.673879751484744	29.36380218384651	15.56768803615673
21	33.685440614381534	26.045095661213274	16.773506917803132	23.495956806602056
22	21.327157406944373	36.7976029737794	28.963302828757648	12.911936790518578
23	13.415112188952014	48.96016808743055	12.292961338845654	25.33175838477178
24	20.689799921388147	35.59208844214969	30.51628143043042	13.201830206031742
25	11.500884446089927	37.46606195236332	33.982269941174046	17.0507836603727
26	11.80665277758358	31.067268837651536	18.210545449460984	38.9155329353039
27	14.19820791195717	27.314470553242113	29.072166864961336	29.41515466983938
28	21.266119297742403	28.726112365996197	7.800604735099734	42.20716360116166
29	44.0269006032161	36.40401304080765	5.910887814404737	13.658198541571512
30	7.164456850430333	35.789718539195164	7.908816003721795	49.137008606652714
31	5.913959976578377	58.80894154927152	18.44797299624565	16.82912547790445
32	0.1631321370309951	99.510603588907	0.28742328905461045	0.038840985007379786
>>END_MODULE
>>Per base GC content	fail
#Base	%GC
1	47.90218156472045
2	59.256056112960785
3	66.25899729452892
4	64.3683738922907
5	46.4124242855013
6	69.6560013449363
7	65.99061664289341
8	44.995398446043964
9	63.19138131543782
10	59.131002232421416
11	65.43736031758549
12	52.41717578751246
13	57.758167974917626
14	64.06056372935583
15	48.01587232810899
16	52.5439606106611
17	47.010393964976316
18	50.49202164629318
19	41.29920236233307
20	41.96231806466875
21	57.18139742098359
22	34.239094197462954
23	38.7468705737238
24	33.891630127419894
25	28.551668106462625
26	50.72218571288748
27	43.61336258179655
28	63.473282898904074
29	57.685099144787614
30	56.30146545708305
31	22.74308545448283
32	0.2019731220383749
>>END_MODULE
>>Per sequence GC content	warn
#GC Content	Count
0	0.0
1	0.0
2	0.0
3	0.5
4	1.0
5	1.0
6	1.0
7	1.0
8	5.5
9	14.5
10	24.0
11	30.5
12	37.5
13	51.5
14	63.5
15	98.0
16	158.5
17	239.0
18	375.5
19	615.5
20	1042.5
21	1570.5
22	2108.0
23	2968.5
24	3988.5
25	5016.0
26	6339.0
27	7258.5
28	10103.0
29	13580.5
30	16996.0
31	22359.5
32	26507.5
33	31911.5
34	43684.5
35	54352.0
36	60078.5
37	79467.5
38	99833.0
39	108995.5
40	120075.5
41	123565.0
42	124360.5
43	130254.0
44	135326.5
45	144064.0
46	146547.0
47	148102.0
48	155709.0
49	157698.0
50	167155.5
51	176613.0
52	170300.5
53	163587.5
54	158679.5
55	144701.0
56	134938.5
57	159297.0
58	179267.5
59	170171.0
60	162478.5
61	153453.5
62	150640.0
63	124890.0
64	94909.5
65	91576.5
66	96145.0
67	100030.0
68	92091.5
69	87001.5
70	81707.0
71	75420.0
72	74308.5
73	71900.0
74	69985.0
75	69466.5
76	67497.5
77	64060.0
78	60791.0
79	53335.0
80	45534.5
81	41890.5
82	38032.0
83	33762.5
84	27551.5
85	22076.5
86	19090.0
87	17475.0
88	16343.5
89	15312.5
90	12353.0
91	7668.0
92	4613.5
93	3192.0
94	2494.5
95	2355.5
96	2353.0
97	1217.0
98	43.5
99	6.0
100	6.0
>>END_MODULE
>>Per base N content	pass
#Base	N-Count
1	0.041076018364619854
2	0.0
3	0.0
4	0.0
5	0.024437631178951053
6	0.0
7	0.0
8	0.0
9	0.0
10	0.004679546395969351
11	8.665826659202502E-5
12	6.932661327362002E-4
13	0.0
14	0.0
15	0.0
16	0.0
17	0.0
18	0.0
19	0.0
20	0.0
21	0.0
22	0.0
23	0.001045308914917081
24	0.0
25	0.0
26	0.0013982102908277406
27	0.0055767264615670595
28	0.0
29	0.0
30	0.0023260682468423622
31	0.010332001653120265
32	0.0
>>END_MODULE
>>Sequence Length Distribution	warn
#Length	Count
15	140892.0
16	90319.0
17	95446.0
18	84984.0
19	99781.0
20	76894.0
21	85714.0
22	97266.0
23	120615.0
24	67575.0
25	51432.0
26	35450.0
27	23917.0
28	20180.0
29	20502.0
30	13955.0
31	16163.0
32	12873.0
>>END_MODULE
>>Sequence Duplication Levels	fail
#Total Duplicate Percentage	86.78357558742584
#Duplication Level	Relative count
1	100.0
2	15.590250163939
3	6.036443291057999
4	3.5550346713546244
5	2.2239895079039527
6	1.6442732967784242
7	1.2424483417744479
8	0.9920053576660667
9	0.7903952673949743
10++	7.4477139229556455
>>END_MODULE
>>Overrepresented sequences	fail
#Sequence	Count	Percentage	Possible Source
CGCGACCTCAGATCA	54195	4.696444757954795	No Hit
TACCTGGTTGATCCTGCCA	18323	1.5878394187656746	No Hit
CGCGACCTCAGATCAGACGTA	13417	1.1626939628651995	No Hit
CTCTCGGCGCCCCCTCGATGCTCTA	12477	1.081235192268696	No Hit
TCAGTGCACTACAGAACTTTGTA	11145	0.9658063811681187	No Hit
TGGACGGTGTGAGGCCA	8875	0.769092116004222	No Hit
CGCGACCTCAGATCAGACGA	7045	0.6105074881408162	No Hit
CGCGACCTCAGATCAGACGTGGCA	6502	0.5634520493813466	No Hit
TACCTGGTTGATCCTGCA	6424	0.5566927045871687	No Hit
CGACTCTTAGCGGTGGATA	6420	0.5563460715208006	No Hit
CGACTCTTAGCGGTGGATCA	6330	0.5485468275275183	No Hit
ACGGCCCTGGCGGAGCA	6231	0.5399676591349079	No Hit
CTCTCGGCGCCCCCTCGATGCTCTTA	5545	0.4805200882527787	No Hit
TACCCTGTAGATCCGAATTTGTA	5111	0.4429104005518399	No Hit
TACCCTGTAGAACCGAATTTGTA	5064	0.4388374620220147	No Hit
CGACTCTTAGCGGTGA	4723	0.4092869931141341	No Hit
TACCTGGTTGATCCTGCTA	4434	0.3842427540690389	No Hit
CGCGACCTCAGATCAGAA	4273	0.37029077314772285	No Hit
TTCAAGTAATCCAGGATAGGCTA	4088	0.35425899382819825	No Hit
CTCTCGGCGCCCCCTCGATGCTCA	4012	0.34767296556720434	No Hit
TGAGATGAAGCACTGTAGCTCA	3772	0.32687498158511835	No Hit
GCATTGGTGGTTCAGTGGTAGAATTCTCGCA	3517	0.30477712360415193	No Hit
TGAGATGAAGCACTGTAGCTCTA	3433	0.29749782921042184	No Hit
TAGCTTATCAGACTGATGTTGAA	3285	0.2846724057548022	No Hit
TAGCTTATCAGACTGATGTTGA	3259	0.28241929082340955	No Hit
CGCGACCTCAGATCAGACGTGGCGACCCGCTA	3251	0.2817260246906733	No Hit
TAATACTGCCTGGTAATGATGA	3154	0.2733201728312469	No Hit
GCATTGGTGGTTCAGTGGTAGAATTCTCA	2983	0.2585016092440106	No Hit
TGGAAGTCGGAATCCA	2892	0.2506157069841363	No Hit
AACCCGTAGATCCGATCTTGTA	2874	0.2490558581854799	No Hit
CGCGACCTCAGATCAGACGCA	2700	0.23397731979846753	No Hit
CCCCGGGCCGCGGTTA	2619	0.2269580002045135	No Hit
TGGACGGTGTGAGGCTA	2598	0.22513817660608101	No Hit
CGCGACCTCAGATTA	2537	0.21985202234396745	No Hit
CGACTCTTAGCGGTGGATCACTA	2522	0.21855214834508707	No Hit
TACCTGGTTGATCCTA	2491	0.2158657420807343	No Hit
CTCTCGGCGCCCCCTCGATGCTCCA	2356	0.20416687609081094	No Hit
CCTCCGCGTCGGTGA	2236	0.19376788409976792	No Hit
TACCTGGTTGATCCTGCCAGTA	2183	0.1891749959703906	No Hit
CGGCCCTGGCGGAGCA	2168	0.18787512197151024	No Hit
CGCGACCTCAGATCAGACGTGA	2123	0.18397549997486912	No Hit
CGCGACCTCAGATCAGACA	2030	0.1759162811818108	No Hit
CCCCGGGCCGCGGTTTA	2011	0.1742697741165623	No Hit
GCATTGGTGGTTCAGTGGTAGAATTCTCGCCA	1999	0.173229874917458	No Hit
TCAGTGCACTACAGAACTTTGCA	1842	0.15962452706251007	No Hit
CGACTCTTAGCGGTGGAA	1829	0.15849796959681375	No Hit
TACCTGGTTGATCCTGCAA	1786	0.15477166413335666	No Hit
TGAGGTAGTAGATTGTATAGTTA	1740	0.15078538387012352	No Hit
TCGGAGGTTCGAAGACGATCA	1715	0.1486189272053229	No Hit
TCCCTGGTGGTCTAGTGGTTAGGATTCGGA	1686	0.14610583747415418	No Hit
TTCTGATCGAGGCCCAGCCA	1665	0.14428601387572165	No Hit
TCGGAGGTTCGAAGACGAA	1661	0.14393938080935353	No Hit
TACCCTGTAGATCCGAATTTGA	1651	0.1430727981434333	No Hit
TCGGAGGTTCGAAGACGA	1648	0.14281282334365722	No Hit
TCCCTGTGGTCTAGTGGTTAGGATTCGGA	1640	0.142119557210921	No Hit
CTGAGTGTCCCGCGA	1632	0.14142629107818483	No Hit
CGCGACCTCAGATCAGACGTGGCGACCCGCA	1630	0.14125297454500077	No Hit
AACCTCCGCGTCGGTGA	1607	0.1392598344133842	No Hit
TACCTGGTTGATCCA	1594	0.13813327694768787	No Hit
ACCCTGTAGATCCGAATTTGTGA	1584	0.13726669428176763	No Hit
CGACTCTTAGCGGTGGATCACTCA	1549	0.13423365495104675	No Hit
TAATACTGCCGGGTAATGATGA	1545	0.13388702188467863	No Hit
TAACACTGTCTGGTAACGATGA	1541	0.13354038881831054	No Hit
TACCTGGTTGATCCTGCCAA	1533	0.13284712268557436	No Hit
ACCTCCGCGTCGGTGA	1521	0.13180722348647003	No Hit
CTCGGCGCCCCCTCGATGCTCTA	1515	0.1312872738869179	No Hit
TGAAACTGCGAATGGCA	1486	0.12877418415574918	No Hit
GCATTTGTGGTTCAGTGGTAGAATTCTCGCA	1464	0.1268677022907246	No Hit
CCCCGGGCCGCGGTTTTA	1457	0.12626109442458044	No Hit
TACCCTGTAGAACCGAATTTGA	1426	0.12357468816022767	No Hit
TGGAAGTCGGAATCCGCTAAGGAGTGA	1407	0.12192818109497919	No Hit
TAGCTTATCAGACTGATGTTGACA	1404	0.12166820629520311	No Hit
AGAAGACGGTCGAACTTGACTATCTA	1349	0.11690200163264175	No Hit
CGCGACCTCAGATCAA	1344	0.11646871029968162	No Hit
CTCTCGGCGCCCCCTCGATGCTCGA	1296	0.11230911350326442	No Hit
TCGGAGGTTCGAAGACGATA	1285	0.11135587257075213	No Hit
CGACTCTTAGCGGTGGATCACTCGGCA	1278	0.11074926470460797	No Hit
CGATACGACTCTTAGCGGTGA	1251	0.1084094915066233	No Hit
TGGAAGTCGGAATCCGCTAAGGAGTA	1247	0.10806285844025519	No Hit
TGGACGGTGTGAGGCCGA	1243	0.10771622537388709	No Hit
TGAGATGAAGCACTGTAGCTA	1237	0.10719627577433495	No Hit
GCATTGGTGGTTCAGTGGTAGAATTCTCGA	1227	0.10632969310841468	No Hit
CGATACGACTCTTAGCA	1220	0.1057230852422705	No Hit
CGCGACCTCAGATCAGACGTGGA	1214	0.10520313564271837	No Hit
GACTCTTAGCGGTGGATCACTCGGCA	1184	0.1026033876449576	No Hit
ATCGGTCGTCCGACCTGGGTAA	1182	0.10243007111177356	No Hit
GCATTTGTGGTTCAGTGGTAGAATTCTCA	1170	0.10139017191266926	No Hit
TAATACTGCCTGGTAATGATGAA	1155	0.1000902979137889	No Hit
>>END_MODULE
>>Kmer Content	fail
#Sequence	Count	Obs/Exp Overall	Obs/Exp Max	Max Obs/Exp Position
TCAGA	202675	11.970633	129.49275	8
GATCA	159695	9.4320965	113.87685	11
AGATC	142395	8.410304	113.744705	10
ACCTC	139390	7.4788656	109.315346	5
CAGAT	123820	7.3132052	117.552734	9
CCTCA	134570	7.220253	108.21973	6
CTCAG	132920	6.767761	102.85354	7
GACCT	131060	6.6730566	102.92733	4
CGACC	158380	6.6571665	85.994644	3
TGGTT	106610	6.5158653	50.498978	5
TCTTA	80935	6.3719406	65.88714	22
GCGAC	149440	5.960827	81.60599	2
ACTCT	90380	5.8741097	40.862114	3
CGCGA	141065	5.6267667	81.1501	1
CTCTT	81285	5.516752	41.992485	4
GTGGT	104640	5.01022	36.977016	15
GAATT	67045	4.7967706	153.41425	21
TTGAT	61045	4.5607467	60.183544	8
TGATC	73670	4.5437136	49.847694	9
GACTC	88150	4.48825	32.07503	2
CTTAG	71870	4.432696	38.066746	6
GTAGA	77940	4.368456	50.693176	18
ATCAG	73130	4.3192916	65.155266	12
GATCC	84400	4.297314	51.147427	10
CGGTG	107345	4.243023	26.177156	11
TGGAT	71335	4.1751637	36.180145	14
CCTGG	96925	4.0371866	39.17728	3
ATCCT	61450	3.9938488	48.973743	11
TTAGC	64135	3.9556272	38.03596	7
GTTGA	67535	3.9527538	47.81968	7
CTGGT	76130	3.8411777	46.844013	4
GTGGA	80115	3.673412	30.392426	13
CCCCC	95025	3.6283913	22.223272	10
TTTGT	46415	3.6211586	81.92586	18
TGGTA	60825	3.5600245	40.755753	16
AGACG	76885	3.5574882	59.141056	15
CTGTA	55830	3.4434035	22.313566	5
TAGAA	50215	3.4404297	78.23447	19
TACCT	51700	3.3601625	53.72707	1
CGACT	65990	3.3599498	32.113113	1
CAGAC	68645	3.347035	59.51155	14
ACCTG	64560	3.2871401	42.1284	2
GCGGT	83075	3.2837033	30.9136	10
GGTGG	87225	3.2717872	22.75561	12
GTCGG	81535	3.2228317	11.640641	6
TCGGC	75170	3.1310322	28.674116	26
TCAGT	50625	3.1223767	26.917305	12
TCTCG	58720	3.12208	194.6156	25
TCGAT	50520	3.1159008	51.09909	15
CCCTG	70535	3.0959723	16.628351	3
TGTAG	52770	3.0885737	21.609177	6
TAGCG	62610	3.0251644	29.84583	8
TTGTA	40255	3.0075004	87.98397	19
CCCTC	64300	2.9740813	29.908955	12
AATTT	31930	2.9160604	58.405926	16
CTCTC	51530	2.8871384	31.946884	1
GGTTC	56695	2.860575	19.610714	9
AGCGG	75085	2.8421266	23.837906	9
CTCGA	54840	2.7922363	52.57666	26
AGTGG	60770	2.78641	32.493797	14
TCCTG	52225	2.776748	43.165012	12
AATTC	36520	2.7533586	213.18884	22
CGATG	56675	2.7383995	46.18452	16
CCCCT	58920	2.725239	26.326082	11
ATGCT	44180	2.7248712	75.45809	18
AACTT	36005	2.7145312	35.11977	15
GGTTG	56690	2.7143483	38.96032	6
CAGTG	56080	2.7096505	22.911545	13
CGGCG	82825	2.7026472	19.13065	5
TGTGA	46150	2.7011118	16.82777	8
ATTTG	35905	2.6825068	50.84482	17
AGAAC	47215	2.6705065	21.364386	13
GAACT	45065	2.6616828	26.243338	14
TCGGA	53895	2.6040766	42.71923	26
GTTCA	42055	2.5938087	23.26397	10
ACTGT	41675	2.5703714	17.522247	12
CTCGG	60525	2.5210288	23.64708	3
CCTGT	47225	2.5109034	19.492237	4
AACGA	43845	2.4798975	6.963255	1
ATTCT	31215	2.4575288	269.69977	23
GGCGC	75120	2.451227	18.657541	6
GTAAT	33160	2.37245	18.671543	13
CGAAT	40160	2.371978	32.363815	14
CCGCG	68860	2.3677964	9.298165	27
AGAAT	34475	2.3620198	110.20489	20
GGTAG	51155	2.3455458	35.044643	17
GCTCT	44065	2.3428895	79.4178	20
GGATA	41500	2.326032	16.884531	14
TGATG	39555	2.3151133	20.592108	17
GATGA	41100	2.303612	21.523235	18
TGGAA	40915	2.293243	13.189363	1
AACTG	38780	2.2904708	9.609078	14
CCTCG	52180	2.2903216	30.103281	13
GGTGT	47815	2.2894082	14.017109	6
TGGAC	47345	2.2875962	16.876064	1
GAGGC	59555	2.254283	11.219339	11
TGTGG	46890	2.2451189	9.310585	5
CTGCC	50655	2.223385	27.407671	14
TGCTC	41600	2.211828	78.248184	19
CCTGC	50215	2.2040725	37.324234	13
GATGC	45400	2.1936185	50.99839	17
TCCGA	42785	2.1784432	12.048701	12
GAGGT	47240	2.166036	9.152615	2
TAGAT	30265	2.1653256	13.737267	8
GCGCC	62495	2.1489317	20.18727	7
AATCC	34445	2.143841	11.706532	11
GGATC	44290	2.1399863	23.58154	15
TTCGA	34565	2.131851	13.955083	24
GACGT	43920	2.1221085	53.010353	16
CTCTA	32540	2.1148875	85.963585	21
CCCGC	57765	2.0931077	108.25563	26
TTCAG	33925	2.092378	22.99606	11
TTGGT	34230	2.0920932	18.139963	4
ATCCG	41070	2.0911222	11.254553	10
TGGCG	52640	2.0807	28.65501	20
TGAGG	45200	2.0724986	13.705503	10
CTTTG	32160	2.0712838	35.72372	17
ACTTT	26210	2.06349	38.72129	16
TTCTC	29790	2.021825	267.60413	24
GCCCC	55705	2.0184639	20.534466	9
CCGAA	41355	2.0164123	22.907581	13
TTGGA	34185	2.0008125	6.763244	8
CGCCC	55070	1.9954547	20.8751	8
CCGGG	59205	1.9319074	6.4608083	9
GCACT	37760	1.9225898	14.1772	6
ACCCT	35655	1.9130423	19.661226	2
TCGAA	32350	1.9106945	9.93528	9
TGCCA	37370	1.9027328	34.754074	15
GATAA	27660	1.8950968	8.577822	11
CAGAA	33445	1.8916677	19.224682	12
ACTTG	30315	1.8697256	7.3420067	15
GGTTA	31935	1.8691226	13.930248	17
TGAAA	27260	1.8676914	5.5719123	1
ATAAC	25850	1.8663334	8.433053	12
AAGTC	31215	1.8436577	12.625257	4
CCTCC	39845	1.842959	6.6221766	1
TAGCT	29840	1.8404291	24.562527	16
AGGCC	45905	1.8310475	9.408753	12
TGGTG	37970	1.8180244	19.274546	5
TCTGA	29395	1.812983	7.8518295	2
CCCCG	49890	1.8077582	7.3323336	1
CGGAG	47370	1.7930549	7.066012	11
GTAGT	30450	1.7822069	10.942915	5
CATTG	28605	1.7642586	20.686749	2
CACTA	28255	1.7585783	17.050545	7
AGACT	29765	1.758016	14.524572	10
AGGAT	31140	1.7453643	33.358513	21
ACGGT	36065	1.7425739	13.729511	4
GTGTG	36390	1.7423732	14.315856	7
GGCCC	50605	1.7400862	6.225803	3
GGTAA	31015	1.7383584	18.222498	12
GGAAT	30975	1.7361164	12.183973	9
CGTGG	43720	1.7281193	30.642822	18
GCATT	27985	1.7260191	26.342243	1
CTGTG	34165	1.7238123	8.410116	16
ACCCG	40930	1.7204056	91.602394	25
CTGAT	27845	1.7173843	14.14497	13
GAAGA	31950	1.7148852	8.568414	11
CTGGC	41040	1.7094262	7.301089	7
TAACT	22455	1.6929536	11.940342	13
GGACG	44395	1.680445	13.080107	2
ATGAA	24510	1.6792778	16.395597	5
TCACT	25635	1.6661077	27.331224	18
GGATT	28300	1.6563698	46.13325	22
GACGA	35375	1.6368105	12.007988	16
GGAGG	45160	1.6221637	6.264569	3
GACGG	42685	1.6157178	11.095886	3
ACTGA	27340	1.6147877	12.807248	12
ACGTG	33355	1.6116332	35.919678	17
GTGGC	40480	1.6000518	33.403008	19
TCTCA	24575	1.5972146	102.62809	25
ATCAC	25595	1.5930212	24.170881	17
TCCGC	36275	1.592208	6.736814	13
AAGAC	28090	1.5887859	9.301574	12
TACAG	26895	1.5885046	16.529318	10
AAGCA	27805	1.5726663	14.120875	8
TTGTG	25675	1.5692227	12.237784	18
TGAGA	27895	1.5634856	15.335491	1
AGTCG	32100	1.5509946	10.344373	5
TCTGG	30545	1.5411634	5.339218	9
GCCCT	34890	1.5314167	7.614784	4
AGGTT	25980	1.5205824	9.058221	5
GTGAG	33105	1.5179218	14.117469	9
GGCGA	39785	1.5059466	37.122074	21
GATGT	25480	1.491318	17.369108	15
GAATC	25215	1.4892786	12.387161	10
ACTGC	29175	1.4854755	13.900167	5
ATGAT	20720	1.4824234	24.246698	16
GGCGG	47750	1.478604	6.097597	9
GAACC	30245	1.4747041	9.828487	10
CGGAA	31770	1.4700062	9.731079	8
TCCTA	22590	1.4682025	6.532747	2
CCGCC	40095	1.4528375	14.878761	27
TACTT	18195	1.4324762	7.9592247	5
TTGAA	19945	1.4269756	14.998053	19
TGAAG	25430	1.4253249	13.750624	6
ATTGG	24235	1.4184494	15.403846	3
GCCGC	40985	1.4092962	6.2733006	7
GACCC	33470	1.4068402	82.263	24
CTCCA	26090	1.3998394	14.756841	21
TACCC	26085	1.3995711	20.388035	1
CAGGA	30225	1.3985187	11.133425	12
TGGCA	28905	1.3966199	25.426235	20
GGTCG	35305	1.3954998	5.8871584	4
TAATA	15905	1.3910027	19.01507	1
AAGTA	20240	1.3867232	13.887232	4
CTACT	21245	1.3807863	6.494891	4
AATGA	20015	1.3713075	21.164696	15
AACCT	21990	1.3686476	5.0535693	10
TTTGA	18230	1.3619857	15.259198	18
GGTGA	29675	1.3606503	6.2547708	12
TAGTG	23065	1.3499706	8.715264	13
CTACA	21595	1.3440629	17.154173	9
GACTG	27600	1.3335655	9.325122	11
GCTCA	26140	1.3309456	23.983107	20
CCCGG	38455	1.3223004	6.2858863	2
CGGGC	40415	1.3187745	5.9270806	4
ACTAC	21025	1.3085865	17.154173	8
TAGGA	23345	1.3084629	25.617096	20
CAAGT	22030	1.3011621	11.937231	3
AATAC	17995	1.2992135	15.180744	2
CGCTA	25195	1.2828299	329.27945	28
CTGGA	26340	1.2726853	9.776156	28
GGCCG	38765	1.2649336	6.308762	6
TTCAA	16645	1.2549194	16.009321	1
TACTG	20310	1.2526513	12.973481	4
TAGTA	17380	1.2434614	13.070583	6
GGGCC	37935	1.2378501	6.1687255	5
CACTC	22970	1.2324381	20.061668	19
AGTAG	21955	1.2305547	10.370087	7
GAAGT	21885	1.2266314	11.883	3
TGCAC	24055	1.2247856	14.031503	5
CTTGG	24040	1.2129503	5.6120315	7
TGACT	19540	1.2051604	8.989953	17
GCCGG	36805	1.2009771	5.309807	8
ATCCA	19170	1.193132	10.345318	9
GATCT	19140	1.1804897	8.753132	14
GAAGC	25495	1.1796602	11.832754	7
TCCCT	21040	1.1788355	13.32908	1
GTGCA	24370	1.1774997	14.039079	4
ACAGA	20725	1.1722174	16.49631	11
GCGGA	30900	1.1696305	6.55936	10
GGCTA	24165	1.1675946	12.782728	19
TAATG	16310	1.1669078	20.340677	14
TCTAG	18870	1.1638371	7.03427	11
AAAGT	16980	1.1633675	7.9168005	20
CGGGT	29390	1.1616977	6.764097	10
CGATC	22595	1.1504482	6.8134303	13
TGTTG	18720	1.1441422	19.79005	17
CGGCC	33260	1.143667	6.09133	2
CACTG	22455	1.14332	12.2155	11
TGGTC	22420	1.1312125	5.7715354	7
AAACT	15630	1.1284639	6.4759502	21
CCTAC	20850	1.1186911	5.4376416	3
CTGCA	21910	1.1155707	11.350077	14
GTCTA	18070	1.1144958	6.726745	9
GGAAG	25375	1.1141882	9.809704	2
GAGAT	19845	1.1122913	13.533933	2
ATCGA	18765	1.1083208	7.198378	6
CCGCT	25165	1.10456	105.501785	27
CTAGT	17870	1.1021605	6.841798	12
ACGTA	18590	1.0979849	29.710176	17
GGCCA	27520	1.0977111	8.720388	13
AGATG	19565	1.0965978	13.608554	3
CTCGC	24965	1.0957814	184.35814	26
AGTGC	22675	1.0956013	14.091344	3
CGCGG	33435	1.0910113	5.9368854	9
TATCA	14470	1.0909392	13.384635	6
GAAAA	16420	1.0773308	5.9894295	18
AGTAA	15700	1.0756695	13.81882	5
GTCTG	21310	1.0752069	5.742178	8
GTAGC	22250	1.0750663	18.09833	15
AGCTC	21030	1.0707645	20.525904	17
GTTCG	21060	1.062593	7.811511	7
TTCTG	16340	1.0523874	8.8082905	1
TAATT	11425	1.0434072	10.742157	22
CGAAG	22530	1.042469	7.317556	10
GTTAG	17810	1.042401	14.913263	18
ATACT	13810	1.0411797	15.657979	3
TAATC	13760	1.03741	12.556719	7
GGTTT	16960	1.0365733	6.571479	12
AGGTA	18415	1.0321416	10.26471	3
GATCG	21315	1.0298895	6.0868173	5
TAGTT	13770	1.0287735	8.903697	18
AGGAG	23120	1.0151736	16.77222	20
GCTAA	17150	1.0129339	11.02803	16
GATTC	16390	1.010879	58.6284	23
TTATC	12835	1.010488	14.051469	5
TTAGA	14060	1.0059302	5.1196485	4
TTGAC	16175	0.9976186	8.362692	16
GGTCT	19740	0.9959917	5.6876106	9
ATTGT	13290	0.9929122	5.534593	12
GGAGC	26190	0.9913471	5.938047	12
CGGTC	23795	0.99112564	5.2818627	3
GACTA	16745	0.98901325	10.333122	18
GATTA	13715	0.981247	6.800961	23
TGTCT	15225	0.98057526	5.566975	7
TCGCT	18255	0.97059906	24.494696	27
TGAAT	13490	0.96514934	5.566906	15
ATGTT	12895	0.96340126	22.761904	16
GAGCA	20550	0.95085377	6.870621	13
GCTTA	15415	0.9507445	11.049013	3
AAAAG	14490	0.9507017	6.1992073	19
AGCAC	19385	0.9451857	12.168992	9
CCCGA	22375	0.9404856	6.9029956	26
CCCGT	21310	0.93535364	6.157566	3
TTAGG	15915	0.93148845	17.961687	19
ACGAT	15760	0.930836	5.7038493	16
TGTAA	12990	0.92937654	7.1941576	1
CTTGA	14950	0.9220649	8.059466	15
AACCG	18730	0.91324884	9.329116	11
TTCGG	17840	0.9001262	54.788692	25
TCAAG	15215	0.8986465	12.551539	2
CGGTT	17745	0.895333	7.3284836	11
CTTAT	11315	0.89081985	14.031818	4
GCCCA	21135	0.88836485	5.3237004	12
GTTTT	11350	0.8854929	5.0332794	13
AATTA	10090	0.88244057	13.065656	22
ATAGG	15710	0.8805291	19.279808	16
AAGGA	16375	0.87891227	15.903786	19
GTTTA	11760	0.8786041	5.1412444	20
AGAAA	13320	0.8739371	6.542804	17
CGGCT	20890	0.8701246	15.987061	23
GGCTC	20850	0.86845845	11.766178	23
AGCTT	13855	0.854529	11.156783	2
CCTCT	15180	0.85050964	5.192127	21
CTAAG	14250	0.8416505	11.980394	17
ACTCG	16285	0.8291679	20.254484	20
GGGTA	18045	0.8273946	6.044597	17
TTCTT	10015	0.8233597	6.4259114	1
CGATA	13830	0.81684405	6.4306545	1
AGGCT	16905	0.81680876	10.498609	18
ATTCG	13210	0.8147476	62.4791	24
AGTTA	11165	0.7988059	15.989511	19
CTCCT	14235	0.7975629	5.8670335	1
ATTCA	10560	0.7961519	23.528439	23
TCGCC	18130	0.7957748	90.702225	27
GATAG	14120	0.7914112	17.060558	15
TCTTG	12040	0.7754434	11.255289	16
CAGTA	13120	0.77490914	9.847276	18
AGATT	10810	0.7734073	8.166175	10
TCGAG	15930	0.7696992	5.792277	7
CGTAG	15910	0.76873285	5.913942	5
AGTGA	13580	0.7611448	15.229725	23
CTCAA	12225	0.76087844	11.761733	26
TTCCT	11210	0.76081425	5.1179132	25
ACCGA	15580	0.7596592	10.291049	12
GTGTA	12920	0.7561943	6.0500546	24
CCAGG	18790	0.74949104	6.9217396	11
CGTGA	15475	0.7477147	6.155358	28
TGCTA	12020	0.7413525	8.370366	15
TCCAG	14350	0.7306453	8.632585	10
TAAGG	12950	0.725834	12.909443	18
TAGCA	12150	0.7176178	5.707525	21
TGGGT	14930	0.7148565	5.8407393	16
ATCTT	9045	0.7121048	11.9973135	15
CCGAT	13910	0.7082422	6.1545796	12
ATGGA	12620	0.70733786	8.331986	19
GGAGT	15310	0.7019901	19.473	21
GATAC	11830	0.6987176	6.4870915	2
TACGA	11755	0.69428784	5.784323	4
AGTGT	11760	0.6883006	9.342707	23
CTTGT	10640	0.68527555	11.127419	17
TCGTA	11080	0.6833765	42.415287	27
ATCTA	9060	0.6830622	14.932904	22
CGCCA	16215	0.6815631	234.34796	28
GAGTG	14435	0.6618698	15.683787	22
TAACA	9085	0.6559241	5.6131415	1
ACGGC	16160	0.6445862	6.803182	1
TGCCT	12040	0.64015406	6.453472	7
AGCTA	10830	0.63965446	6.5270667	21
AACAT	8850	0.63895744	6.8544636	5
CGGTA	13190	0.637309	6.613388	27
GTAAA	9290	0.636495	6.618668	2
GCCTG	15280	0.63645303	5.055688	8
AACTA	8750	0.6317376	11.469413	22
CCGTA	12345	0.62855864	9.178746	27
TGTAT	8305	0.6204768	10.750392	14
AAACA	8955	0.61914295	6.5927877	4
GCTCC	14070	0.6175704	10.079007	20
TAGGC	12610	0.6092848	13.510921	17
TTGCA	9820	0.60566396	11.888052	19
TCGCA	11780	0.59979105	190.88393	27
CATTT	7600	0.5983412	7.75615	2
ATACG	10100	0.59653825	5.759751	3
TGACA	10095	0.59624296	12.323691	20
AACCC	11550	0.59344816	5.867936	1
CCAGT	11610	0.5911353	6.7554703	17
TATAG	8245	0.589893	9.401345	16
GTATA	8200	0.58667344	8.526059	15
CGGCA	14675	0.58535284	27.697327	27
CTATT	7360	0.57944626	5.0546446	13
TAAAC	8010	0.57831067	6.836441	3
TTCTA	7260	0.5715733	33.275845	24
GAGTA	9705	0.54395515	13.071675	22
GACCA	11130	0.5426833	6.776144	24
AGTCA	9045	0.5342266	5.031789	23
ATTCC	8145	0.5293718	6.5861263	23
ACTAT	6975	0.52586734	8.586169	19
CTGCT	9765	0.5191947	6.231551	14
AAGTT	7195	0.51477015	9.182873	21
GCCAG	12780	0.50976557	5.837688	16
ACTCA	8045	0.50071716	9.482165	20
TTCCA	7610	0.49460033	5.9718046	24
ACATC	7695	0.4789333	5.892353	6
GCTCG	11310	0.47109187	6.658842	25
CTATC	7045	0.45787904	10.643159	20
ATAGT	5975	0.4274846	10.574301	17
GCGCA	10545	0.4206164	6.277086	28
CCGCA	9655	0.40582743	56.9705	27
CATCC	7400	0.39704144	5.226863	7
ACGCA	8005	0.39031264	5.0279374	17
TTTGC	6020	0.38772166	10.027286	18
TATCT	4660	0.36687762	11.392378	21
TACCA	5890	0.36659092	13.047613	25
ACCAA	5600	0.33377296	5.4975934	26
CTCGT	5910	0.31422845	26.793638	26
ACCCA	5865	0.30134836	17.202978	25
TAGGG	6510	0.29849482	5.6412044	22
CGCAA	6100	0.2974275	38.00002	28
TTACC	4490	0.29182068	10.525306	24
GCCTA	5620	0.2861482	6.8679376	28
CAATA	3630	0.26208085	15.149065	28
ACTTA	3415	0.2574677	5.084798	28
GTTAC	3440	0.21216744	10.398245	23
TCAAT	950	0.07162351	6.543954	27
>>END_MODULE
