	MS28F1_sample2	MS28F1_sample3	MS28F1_sample4	MS28F1_sample5	MS28F1_sample6	MS28F1_sample7	MS28F1_sample8	MS28F1_sample9	MS28F1_sample11	MS28F1_sample14
mmu-miR-148a-3p	16059	23980	36820	32154	48132	25506	21993	36486	47966	41093
mmu-miR-143-3p	13041	21302	22841	21602	60182	17800	13310	37268	55683	73091
mmu-miR-10a-5p	12400.5	19750	16771	16762	23538	10076	13786	29085.5	45563	38922.5
mmu-miR-21a-5p	10117.5	19794.5	16537	15913	21380.5	9901	11651	20162.5	40823	32291
mmu-miR-26a-5p	9500	15702	14979	16481.5	23553	10357	11880.5	29244.5	43904.5	39198.5
mmu-miR-10b-5p	9453.5	14598	11475	14009	18293	8643	10545	20212.5	34994	31706.5
mmu-miR-200b-3p	6894	13038	9609.5	12832	17500.5	7593.5	7974	15426	35904.5	24966
mmu-miR-99a-5p	5372	8576.5	12898	15001	18608.5	7719.5	9793	17306	25449.5	22887.5
mmu-miR-200c-3p	4768	9167.5	8299.5	8822	10523	5235.5	5548	17862	30772.5	22314.5
mmu-let-7f-5p	3271	8083.5	6303	7734.5	7030.5	5185.5	5170.5	11794	17361	14926.5
mmu-miR-200a-3p	3104	4950.5	6187	4578.5	8735.5	3320	3554.5	6337	11566.5	9043
mmu-let-7g-5p	2167.5	5601.5	4371	4611.5	4988.5	3000	3336.5	8338	12313	10275.5
mmu-miR-199a-3p|mmu-miR-199b-3p	1972	3006	3808	3442	3988	1737	2408	4713	8427	7453
mmu-miR-26b-5p	1884	3468	2783	3284.5	4885	2198	2748.5	5352.5	9394.5	8188.5
mmu-miR-29a-3p	1768	3288	3003	2695.5	5571	1979	2135	6003	8649	6232
mmu-miR-30d-5p	1665	3652	2955	2589	4175	1677	1731	5366	7622.5	6520.5
mmu-miR-30a-5p	1612	3232	3206	2357	4884.5	1761	1463	4457	5276.5	5640
mmu-miR-191-5p	1591	3911	2292	3328	4323	1856	2387	5589	9574	7828
mmu-let-7c-5p	1334.16666666667	3332	2758.16666666667	3539.66666666667	3318.33333333333	2252	2205.5	7677.5	9598.58333333333	7796.16666666667
mmu-let-7i-5p	1163	2863.5	2725.5	2015.5	2806.5	1603.5	1214.5	5153.5	5979.5	5769.5
mmu-miR-34c-5p	845	1096	1572.5	703	1923	757	594.5	1391.5	2124.5	1898.5
mmu-miR-23a-3p	832	1653	1221	1092	2095	693	1123	1841	4068.5	3044
mmu-let-7a-5p	819.5	2422.5	1568.83333333333	2313.33333333333	1867.66666666667	1422.83333333333	1469.58333333333	4181.5	5725	4915
mmu-miR-30b-5p	695.333333333333	890	989.166666666667	1077	1907.5	603.5	789.5	1099.66666666667	2668.5	1587.5
mmu-miR-34b-3p	656	727	977	700	1170	298	380	1185	3548	2088
mmu-miR-27b-3p	631.5	1173	1244.5	929.5	1703	572.5	758.5	1813.5	2763	2227
mmu-miR-92a-3p	629	922	808.5	812	1130	382	398	1617	2537	2233.5
mmu-miR-152-3p	554	911	908	773	1078	549	483	1437	2178	1562
mmu-miR-146a-5p	553.5	1134.5	1036	909.5	1422	617.5	880.5	1812.5	2872	2010
mmu-miR-23b-3p	552	900	818	898	1542	536.5	712	1645.5	2910.5	2753
mmu-miR-145a-5p	527	957	661	874	2271.5	690	624	1564	3462	3071
mmu-miR-27a-3p	445.5	1094	1012.5	946	1498	557.5	678.5	1804.5	2586	1994
mmu-let-7b-5p	437	994	845	866.5	1053.5	583.5	597.5	2415.33333333333	3162.75	2325.5
mmu-miR-100-5p	426	571	681	742	845.5	369.5	513	983	1719.5	1650.5
mmu-miR-182-5p	426	817	598	592	840	503	431	935	1735	1196
mmu-miR-221-3p	418	806	506	530	1071	322	439	1279	2189	1729
mmu-miR-126a-3p	408	825	835	653	1166	411	468	1374	1960	1963
mmu-miR-881-3p	398	507	947	471	931	425	524	452	911	871
mmu-miR-429-3p	355	716.5	584	638	920.5	381	481	788	1966	1172.5
mmu-let-7d-5p	351.5	921.5	589.5	1025	958.5	609.5	644.5	1677.5	2416	2004.5
mmu-miR-183-5p	347	783	567	522	787	438	374	922	1726	1052
mmu-miR-205-5p	322	601	301	349	758	196	299	1251	1863	1539
mmu-miR-16-5p	312	430	434	419	706	230	286	813	1600	933
mmu-miR-7a-5p	299	318	236	259.5	416.5	222	153	735	398.5	642
mmu-miR-99b-5p	296	549	353	435	744	252	317	876	1396	1391
mmu-miR-141-3p	283	606	854.5	647	1225	444	455.5	776	1492	1202
mmu-miR-148b-3p	278	370	433	479	751	320	308	632	861	761
mmu-miR-22-3p	263	513	485	404	665	241	268	723	1311	857
mmu-miR-1a-3p	262	1120	375	391	869	309	260	732	1332	1354
mmu-miR-25-3p	253	496	435	332	517	176	211	771	1413	1000
mmu-miR-30a-3p	247	402	373	405	485	278.5	305.5	553	801	677.5
mmu-miR-101a-3p	231	550	398.5	487.5	727	337.5	324	459	710.5	819.5
mmu-miR-125a-5p	206	511	401	415	669	234	269	1122	1528	1335
mmu-miR-340-5p	193	312	331	292	397	188	218	337	641	553
mmu-miR-150-5p	190	447	211	346	347	89	141	755	751	652
mmu-miR-101a-3p|mmu-miR-101c	187.5	389.5	467.5	428.5	751	381	330	379.5	571	670
mmu-miR-199a-5p	175.5	434.5	481	451.5	747.5	334	341.5	593.5	749	946.5
mmu-miR-140-3p	166	259	274	228	414	159	161	295	423	411
mmu-miR-465c-5p	155	286	313	232	374	163	183	260	810	548
mmu-miR-374b-5p|mmu-miR-374c-5p	151	166.5	200.5	241.5	291.5	105.5	132.5	242	509	460
mmu-miR-883a-3p	149	321	261	219	479	128	140	349	753	612
mmu-miR-101b-3p	148	249.5	220.5	248.5	426	193.5	170.5	244.5	438.5	452.5
mmu-miR-103-3p	142	354	221	216.5	357	139.5	160.5	634	830	731
mmu-miR-465a-3p|mmu-miR-465b-3p|mmu-miR-465c-3p	140	196	177	174	299	113	122	271.5	658	446
mmu-let-7e-5p	138	224	197.5	181.5	251	177	158	481	637.5	592
mmu-miR-425-5p	133	185	163	188	320	84	140	256	525	393
mmu-miR-465b-5p	125	199	224	157	304	93	137	201	478.5	380
mmu-miR-203-3p	125	147	148	143	247	103	90	273	475	411
mmu-miR-378a-3p	119.583333333333	281	264.25	277.666666666667	349.5	169.916666666667	148.166666666667	349.833333333333	449.75	540.5
mmu-miR-196b-5p	119	189	184	254	274	129	151	440.5	415	576
mmu-miR-1839-5p	116	151	143	112	197	85	96	219	431	294
mmu-miR-145a-3p	113	306	266	210	519	186	172	580	946	937
mmu-miR-184-3p	109	133	265	173	286	121	132	149	389	232
mmu-miR-34c-3p	103	162	203	142	292	85	86	210	617	361
mmu-miR-146b-5p	103	179.5	171	140.5	215.5	92	77.5	256.5	391.5	304
mmu-miR-210-3p	102	182	145	169	252	127	84	389	392	435
mmu-miR-375-3p	102	130	133	92	163	55	46	234	508	307
mmu-miR-652-3p	101	136	121	118	247	62	100	157	329	236
mmu-miR-96-5p	95	162	144	150	268	112	82	228	316	293
mmu-miR-743a-3p	95	205	129	83	191	80	109	124	398	289
mmu-miR-743b-3p	88	133	136	116	174	70	100	127	386	258
mmu-miR-30e-3p	88	152	145	102	189	87.5	111.5	142	301	285.5
mmu-miR-98-5p	87	160	176	121	216	119	134	248	436	325
mmu-miR-20a-5p	86	231	106	94	125	81	60	219.5	478.5	472.5
mmu-miR-10a-3p	86	205	167	190	260	131	155	285	477	387
mmu-miR-676-3p	84	151	174	125	182	93	94	330	618	509
mmu-miR-181a-5p	81	311	228	171	372	137	131	448	664	557
mmu-miR-342-3p	80	136	82	88	128	52	57	158	285	236
mmu-miR-127-3p	80	115	171	165	196	69	87	198	296	295
mmu-miR-423-3p	79	195	131	130	158	81	57	334	398	395
mmu-miR-200a-5p	77	115	140	114	184	93	68	165	235	193
mmu-miR-133a-3p	77	288	91	99.5	407	74.5	75	227	334.5	395.5
mmu-miR-470-5p	76	61	97	70	89	39	51	114	241	157
mmu-miR-30e-5p	75	196	219	167	346.5	107	108	252	371	378.5
mmu-miR-151-3p	74	158	186	156	239	99	92	301	441	392
mmu-miR-31-5p	74	335	171	174	230	86	122	462	846	418
mmu-miR-93-5p	68	147	92	85	122	62	76	151	310	231
mmu-miR-486a-5p|mmu-miR-486b-5p	64	102	107	106	286	47	46	267	384	481
mmu-miR-872-5p	64	117	133	95	170	87	84	133	253	218
mmu-miR-379-5p	62	66	120	128	103	106	56	170	168	152
mmu-miR-186-5p	59	116	109	98	177	87	78	97	219	179
mmu-miR-195a-5p	56	74	79	81	162	48	62	176	278	233
mmu-miR-192-5p	55	149	125	103	204	76	108	121	267	200
mmu-miR-29b-3p	54	94.5	96	86	215	80	65	163.5	249	190
mmu-miR-532-5p	52	90	86	66	121	51	65	134	180	180
mmu-miR-339-5p	50	127	95	93	135	59	76	175	334	202
mmu-miR-128-3p	49	133	167	110	184	40	78	205	378	262
mmu-miR-871-3p	49	62	54	39	88	21	44	91	138	130
mmu-miR-350-3p	47	88	125	81	140	45	67	110	197	111
mmu-miR-501-3p	45	78	80	63	97	39	52	129	245	141
mmu-miR-423-5p	45	73	49	73	68	37	28	145	134	179
mmu-miR-196a-5p	45	84	113	113	124	75	85	205.5	289	229
mmu-miR-744-5p	44	104	98	92	92	57	54	221	177	226
mmu-miR-17-5p	44	94	47.5	61	94	43	44	120	224	199
mmu-miR-218-5p	44	87	143	109	190	58	75	154	187	241
mmu-miR-185-5p	43	103	81	66	98	51	40	205	306	201
mmu-miR-320-3p	42	109	117	121	118	95	70	161	251	208
mmu-miR-106b-3p	42	111	82	51	107	43	54	158	229	209
mmu-miR-19b-3p	42	120	60	47	112.5	50	41	105	224	189
mmu-miR-690	42	114	135	121	146	62	74	226	292	221
mmu-miR-328-3p	41	80	67	75	95	32	38	164	205	261
mmu-miR-107-3p	40	91	73	81.5	116	58.5	59.5	180	249	220
mmu-miR-449a-5p	40	75	87	46	84	49	34	104	155	153
mmu-miR-139-5p	39	83	73	88	127	43	68	144	178	187
mmu-let-7d-3p	39	73	57	76	109	37	48	135	174	201
mmu-miR-151-5p	39	67	67	65	100	24	35	99	229	133
mmu-miR-199b-5p	38.5	59.5	57	106.5	125.5	57	52.5	78.5	101	156.5
mmu-miR-24-2-5p	37	82	95	91	127	53	59	79	118	83
mmu-miR-434-3p	37	55	64	83	108	32	54	58	128	123
mmu-miR-187-3p	37	51	61	64	92	33	29	144	169	115
mmu-miR-471-5p	36	97	95	61	116	33	65	104	254	191
mmu-miR-34a-5p	36	40	29	30	90	35	22	113	98	117
mmu-miR-365-3p	36	76	50	53	86	35	47	105	222	128
mmu-let-7j	34.5	100	72	57.5	97.5	49.5	46.5	169.5	205	212
mmu-miR-871-5p	34	49	48	42	83	33	35	47	130	116
mmu-miR-194-5p	34	79	82	85	122	41	68	124	190	169
mmu-miR-878-5p	32	52	73	23	79	27	42	33	108	90
mmu-miR-9-5p	32	63	69	23	57	24	30	49	71	91
mmu-miR-361-3p	32	54	47	61	67	32	21	89	164	133
mmu-miR-574-3p	32	32	67	63	89	32	34	90	141	91
mmu-miR-465a-5p	29	51	50	26	52	15	24	35	139	96
mmu-miR-126a-5p	27	54	31	36	61	17	25	54	133	139
mmu-miR-10b-3p	27	53	61	79	83	45	55	107	165	140
mmu-miR-142a-5p	27	114.5	55	66.5	75	34	41	100	129	113
mmu-miR-200b-5p	26	63	43	50	55	17	35	73	174	110
mmu-miR-30c-5p	25.5	59.5	40	37.5	77.5	23	38.5	61	99	108
mmu-miR-378c	24.5833333333333	44.5	41.75	48.6666666666667	74.5	28.4166666666667	33.1666666666667	66.3333333333333	80.25	111.5
mmu-miR-15b-5p	24	91	40	60	68	32	40	81	202	136
mmu-miR-345-5p	23	17	34	27	40	16	14	45	68	41
mmu-miR-181b-5p	23	49	28	33	57.5	24	16	71	97	98
mmu-miR-155-5p	23	45	28	45	28	13	26	131	133	83
mmu-miR-224-5p	22	42	38	53	38	34	31	76	111	94
mmu-miR-181d-5p	21	21	19	26	60.5	24	18	48	69	77
mmu-miR-374b-5p	21	23	30	51	46	18	30	34	55.5	54.5
mmu-miR-883b-3p	21	35	24	18	61	19	14	46	95	57
mmu-miR-223-3p	20	57	31	59	34	27	21	62	125	85
mmu-miR-125b-2-3p	19	44	43	38	39	27	36	58	88	79
mmu-let-7a-1-3p|mmu-let-7c-2-3p	19	34	21.5	38	42	14	26	42	95	78
mmu-miR-125b-5p	19	35	22	29	34	7	17	71	100	79
mmu-miR-1843a-5p|mmu-miR-1843b-5p	18.5	26.5	33.5	24	42	25.5	18.5	40	45	37.5
mmu-miR-204-5p	18	28	29	23	53	10	16	54	90	107.5
mmu-miR-411-5p	18	38	58	52	57	18	35	41	58	74
mmu-miR-672-5p	18	22	14	7	30	13	5	52	92	53
mmu-miR-122-5p	18	29	17	12	5	9	38	2	55	80
mmu-miR-31-3p	17	34	46	35	51	28	21	22	47	23
mmu-miR-3535	17	25	26	18	82	22	8	86	76	39
mmu-miR-471-3p	17	14	11	13	22	8	18	22	37	22
mmu-miR-28a-5p|mmu-miR-28c	16.5	51	29.5	36.5	53.5	15.5	25	66.5	115.5	74.5
mmu-miR-297a-3p|mmu-miR-297b-3p|mmu-miR-297c-3p	16	15	30	22	28	16	10	24	63	28
mmu-miR-28a-3p	16	43	36	43	44	20	23	55	82	90
mmu-miR-29c-3p	16	37	43	39.5	75	22	24	72	105	59
mmu-miR-669c-5p	16	19	18	12	14	10	11	50	84	49
mmu-miR-878-3p	15	34	24	12	30	7	8	31	76	54
mmu-miR-455-5p	15	19	31	23	58	13	24	43	55	29
mmu-miR-340-3p	14	21	9	22	21	17	6	40	73	79
mmu-miR-434-5p	14	24	62.5	34	56	24	21	36	49	64
mmu-miR-463-5p	14	12	25	20	30	8	12	31	61	72
mmu-miR-1843b-5p	13	38	28.5	21	41	18.5	17	36	53	59.5
mmu-miR-345-3p	12	37	26	31	34	12	9	36	55	57
mmu-miR-142a-3p	12	50	28	35	70	34	25	53	26	50
mmu-miR-106b-5p	12	27	19	35	31	16	20	46	60	66
mmu-miR-335-3p	12	7	5	5	9	6	4	24	30	23
mmu-miR-324-3p	12	46	27	31	38	14	15	44	75	58
mmu-miR-19a-3p	12	31	27	25	44.5	16	17	21	49	43
mmu-miR-362-3p	12	37	28	32	36	17	20	33	30	44
mmu-miR-669a-3p|mmu-miR-669o-3p	12	12	38	22.3333333333333	36.25	15	16	24.6666666666667	73.8333333333333	42.5
mmu-miR-369-3p	11	10	8	12	13	8	10	10	28	21
mmu-miR-381-3p	11	12	43	26	41	12	25	21	26	25
mmu-miR-30c-2-3p	11	34	31	23	27	12	21	46	71	54
mmu-miR-32-5p	10	15	17	19	33	16	14	12	28	28
mmu-let-7b-3p	10	7	9	6	10	2	4	10	18	23
mmu-miR-135a-5p	10	18	12	10	29	12	12	30	36	46
mmu-miR-425-3p	10	26	12	16	25	13	10	30	59	47
mmu-miR-1981-5p	9	7	6	14	18	15	8	17	23	22
mmu-miR-1198-5p	9	24	7	20	22	8	6	33	68	56
mmu-miR-326-3p	9	16	15	18	49	11	14	29	31	26
mmu-miR-140-5p	9	49	20	24	36	22	17	39	34	50
mmu-miR-382-5p	9	13	6	6	16	6	8	11	39	13
mmu-miR-664-3p	9	17	4	10	19	6	4	13	27	24
mmu-miR-743a-5p	9	15	13	17	26	6	10	22	36	24
mmu-miR-133b-3p	9	34	7	12.5	48	11.5	7	22	23.5	37.5
mmu-miR-134-5p	8	11	16	17	15	9	7	18	32	37
mmu-miR-214-5p	8	6	12	16	19	4	14	28	26	35
mmu-miR-22-5p	8	20	17	18	20	11	13	35	61	62
mmu-miR-409-3p	8	11	10	3	8	4	2	10	32	24
mmu-miR-500-3p	8	3	9	8	4	4	1	9	17	16
mmu-miR-451a	8	6	27	16	13	3	6	14	27	15
mmu-mir-30c-1	7.83333333333333	9.5	0.666666666666667	14.5	20.5	2.5	1	6.16666666666667	4.5	10.5
mmu-miR-466a-3p|mmu-miR-466b-3p|mmu-miR-466c-3p|mmu-miR-466e-3p|mmu-miR-466p-3p	7.5	7.5	15.8333333333333	12.3333333333333	13	7.16666666666667	6.5	11.5	29.6666666666667	27
mmu-miR-30d-3p	7	8	8	4	13	6	9	4	14	16
mmu-miR-34b-5p	7	18	17.5	12	29	20	7.5	12.5	14.5	22.5
mmu-miR-615-3p	7	15	13	20	19	5	6	41	43	71
mmu-miR-148a-5p	7	30	24	24	30	15	15	35	62	32
mmu-miR-467a-5p|mmu-miR-467b-5p	7	23	18	38	50	17	12	51	82	52
mmu-miR-3068-3p	7	14	16	3	18	8	13	26	30	24
mmu-miR-183-3p	7	8	10	7	13	6	4	17	31	19
mmu-miR-24-3p	7	0	6	5	7	1	3	19	23	20
mmu-mir-30c-2	6.33333333333333	17	7.16666666666667	8	11.5	0	17	7.16666666666667	20	9.5
mmu-miR-296-5p	6	18	17	13	12	8	10	19	67	53
mmu-miR-1249-3p	6	4	10	15	13	8	5	28	38	37
mmu-miR-324-5p	6	9	8	5	8	1	2	13	15	13
mmu-miR-708-5p	6	19	12	5	8	4	9	33	20	16
mmu-miR-149-5p	6	10	12	10	18	7	3	14	29	24
mmu-miR-495-3p	6	4	7	7	4	7	8	5	20	12
mmu-miR-351-5p	6	11	10	2	4	1	3	12	34	36
mmu-miR-181c-5p	6	12	20	3	29	5	6	27	43	32
mmu-miR-378d	5.25	9.5	9.75	7	10	1.75	6	8	12.75	16.5
mmu-miR-466d-3p	5.2	8.9	17.2410256410256	9.2	13.8666666666667	6.41666666666667	9.57692307692308	16.0019230769231	18.3916666666667	23.1678321678322
mmu-miR-191-3p	5	13	1	9	6	3	3	11	32	17
mmu-miR-8114	5	1	1	1	5	2	1	4	8	13
mmu-miR-7a-1-3p	5	6	6	9	14	4	4	11	25	28
mmu-miR-335-5p	5	11	5	8	14	3	3	14	28	22
mmu-miR-450a-5p	5	5	2	1	9	5	7	16	16	8
mmu-miR-18a-5p	5	5	8	7	20	5	2	3	19	11
mmu-miR-497a-5p	5	8	17	15	30	10	8	42	27	27
mmu-miR-743b-5p	5	16	20	5	17	3	12	7	26	21
mmu-miR-130a-3p	5	19	21	25	31	21	17	24	62	41
mmu-miR-1306-5p	5	6	4	2	4	0	3	6	18	16
mmu-miR-484	5	58	19	40	37	9	16	78	66	77
mmu-miR-674-5p	5	6	4	5	6	5	1	12	5	11
mmu-miR-598-3p	5	8	4	10	14	9	13	14	19	31
mmu-miR-26a-2-3p	5	3	6	3	3	2	1	3	7	6
mmu-miR-300-3p	5	12	21	20	25	11	9	25	20	32
mmu-miR-467a-3p|mmu-miR-467d-3p	5	8	18	11.6666666666667	30.5	7	6	18.3333333333333	35.6666666666667	24.8333333333333
mmu-miR-1843a-3p	5	1	3	3	4	1	3	10	6	8
mmu-miR-331-3p	5	10	11	17	17	12	8	12	25	26
mmu-miR-15b-3p	5	5	4	4	6	6	9	17	21	23
mmu-miR-411-3p	5	6	12	8	12	3	6	14	17	19
mmu-miR-181c-3p	5	5	5	3	4	3	1	3	12	11
mmu-miR-99b-3p	5	7	10	8	12	7	14	21	41	22
mmu-miR-3970	4	10	7	6	9.5	4	5.5	12	13.5	14.5
mmu-miR-223-5p	4	8	10	3	3	3	5	4	10	10
mmu-miR-496a-3p	4	2	3	2	4	0	4	5	13	11
mmu-miR-330-5p	4	15	15	9	23	3	4	19	23	26
mmu-miR-148b-5p	4	4	3	2	7	1	3	4	11	10
mmu-miR-92b-3p	4	12	8.5	6	8	7	6	15	31	29.5
mmu-miR-193b-3p	4	2	7	4	14	4	1	10	3	10
mmu-miR-541-5p	4	14	15	16	10	14	9	18	29	46
mmu-miR-221-5p	4	5	3	4	5	1	1	22	21	27
mmu-miR-138-5p	4	0	3	0	4	0	0	4	2	4
mmu-miR-1981-3p	4	6	5	4	4	1	3	10	12	9
mmu-miR-1839-3p	4	4	7	11	21	6	6	12	31	17
mmu-miR-136-3p	4	9	5	8	20	8	6	2	13	16
mmu-miR-132-3p	4	9	12	15	16	14	8	19	14	24
mmu-miR-101c	3.5	7.5	12	7.5	15	6.5	7	6.5	11	15
mmu-miR-409-5p	3	9	8	6	8	2	3	10	16	20
mmu-miR-29b-2-5p	3	2	1	1	6	2	0	4	4	1
mmu-miR-467c-5p	3	4	3	8	9	5	3	8	20	19
mmu-miR-124-3p	3	5	17	8	8	1	9	5	13	11
mmu-miR-466c-5p	3	1	1	1	3	0	0	1	1	2
mmu-miR-3074-1-3p	3	0	0	0	0	0	0	0	0	1
mmu-miR-744-3p	3	3	0	2	2	1	0	4	8	5
mmu-miR-6911-3p	3	0	1	2	1	0	2	1	1	0
mmu-miR-1843b-3p	3	5	5	4	9	2	1	12	17	12
mmu-miR-362-5p	3	5	4	3	6	2	2	8	13	17
mmu-miR-421-3p	3	11	13	14	15	9	11	26	39	42
mmu-miR-202-5p	3	7	8	1	10	2	6	2	17	8
mmu-miR-700-3p	3	5	6	2	4	5	1	8	11	4
mmu-miR-467e-5p	3	11	5	10	10	6	9	20	36	32
mmu-miR-30b-3p	3	2	4	5	6	0	3	8	13	8
mmu-miR-5121	3	3	0	1	8	1	0	0	11	7
mmu-miR-741-3p	3	4	3	2	0	2	2	3	11	2
mmu-miR-16-2-3p	3	2	1	3	3	0	2	2	14	6
mmu-miR-674-3p	3	9	7	14	23	8	14	16	34	18
mmu-miR-339-3p	3	5	3	8	5	4	2	10	15	14
mmu-miR-106a-5p	3	0	2.5	0	1	0	0	0	4	4
mmu-miR-137-3p	3	5	6	2	14	4	6	9	20	17
mmu-let-7f-2-3p	3	4	2.5	2	5	2	3	3	10	10
mmu-miR-27a-5p	3	5	3	3	0	2	1	3	10	8
mmu-miR-7b-5p	3	2	2	0.5	5.5	0	0	5	2.5	3
mmu-miR-669a-5p|mmu-miR-669p-5p	3	4	4	4	4	2	4	21	23.5	19
mmu-miR-299a-3p|mmu-miR-299b-3p	3	5	5	6	3	4	4.5	8	8	8
mmu-miR-9-3p	3	9	11	15	14	8	10	11	29	23
mmu-miR-15a-5p	3	8	11	15	23	4	10	23	36	14
mmu-miR-181a-1-3p	3	7	9	6	7	2	0	3	15	10
mmu-miR-222-3p	3	6	8	2	11	4	8	20	25	24
mmu-miR-214-3p	3	6	5	12	12	8	8	25	26	25
mmu-miR-466b-3p|mmu-miR-466c-3p|mmu-miR-466p-3p	2.5	5	9.83333333333333	5.33333333333333	8.5	4.16666666666667	3.5	7	10.1666666666667	11.5
mmu-miR-669d-5p	2	4	0	1	3	0	0	5	7	7
mmu-miR-24-1-5p	2	3	8	8	2	1	7	8	18	17
mmu-miR-329-5p	2	3	2	5	10	3	2	9	11	15
mmu-miR-877-5p	2	1	1	0	1	1	0	3	6	2
mmu-miR-154-5p	2	1	3	2	7	1	0	5	6	4
mmu-miR-29c-5p	2	11	6	1	21	8	5	5	10	14
mmu-miR-215-5p	2	3	0	2	1	0	0	1	2	2
mmu-miR-874-3p	2	4	2	3	3	3	5	11	7	9
mmu-miR-669f-3p	2	6	1.25	1.125	2	0	0	5	11	2
mmu-miR-322-3p	2	12	14	13	16	7	3	17	24	17
mmu-miR-329-3p	2	3	5	10	6	2	1	16	9	16
mmu-miR-30c-1-3p	2	2	1	1	2	1	1	3	8	7
mmu-miR-363-3p	2	2	4	1	2	1	1	5	7	5
mmu-miR-3110-5p	2	0	1	1	1	2	0	0	2	2
mmu-miR-374c-5p	2	1.5	3.5	1.5	3.5	1.5	0.5	1	4	2
mmu-miR-455-3p	2	14	5	14	14	1	5	9	30	34
mmu-miR-136-5p	2	4	6	11	13	10	1	5	1	6
mmu-miR-143-5p	2	6	0	1	2	0	0	1	4	4
mmu-miR-342-5p	2	2	3	6	2	2	3	9	9	12
mmu-miR-337-5p	2	9	12	15	14	3	4	12	30	21
mmu-miR-26b-3p	2	2	2	2	0	1	2	4	8	4
mmu-miR-187-5p	2	4	2	0	3	0	3	6	5	6
mmu-miR-1947-5p	2	2	1	0	0	0	1	0	3	3
mmu-miR-671-5p	2	5	1	4	3	1	0	14	12	12
mmu-miR-298-5p	2	4	5	3	4	0	5	2	4	2
mmu-miR-677-5p	2	2	2	6	3	3	0	2	4	1
mmu-miR-17-3p	2	2	1	6	2	1	2	6	9	7
mmu-miR-3068-5p	2	17	10	3	11	4	8	25	8	20
mmu-miR-98-3p	2	2	5	3	2	0	0	1	6	6
mmu-miR-195a-3p	2	4	3	2	3	1	2	4	6	9
mmu-miR-379-3p	2	5	5	10	8	2	4	5	21	26
mmu-miR-129-5p	2	4	1	6	3	0	3	6	7	13
mmu-miR-25-5p	2	1	0	1	0	2	0	5	3	3
mmu-miR-376b-5p	2	1	5	7	9	1	1	4	4	7
mmu-miR-410-3p	2	3	7	5	7	3	1	5	6	10
mmu-miR-201-5p	2	0	1	1	0	0	0	1	3	1
mmu-miR-485-3p	2	4	1	5	5	2	2	9	4	10
mmu-miR-671-3p	2	1	4	4	4	2	0	4	10	5
mmu-miR-34a-3p	2	1	1	0	0	0	0	0	0	1
mmu-miR-152-5p	2	9	6	4	6	2	4	4	7	5
mmu-miR-449b	2	0	1	0	3	0	1	0	1	0
mmu-miR-485-5p	2	3	6	4	4	0	2	5	14	17
mmu-miR-378b	1.58333333333333	2	3.25	1.66666666666667	5	2.91666666666667	1.66666666666667	6.83333333333333	9.25	11.1666666666667
mmu-miR-1843a-5p	1.5	1	2	2	1	1	0.5	4	1	2
mmu-miR-21b	1.5	0	0	1	0.5	0	2	3.5	0	4
mmu-let-7a-1	1.16666666666667	1.5	1.66666666666667	1.16666666666667	1.33333333333333	0	0	2	7.58333333333333	4.16666666666667
mmu-miR-138-2-3p	1	1	0	0	1	0	1	0	3	2
mmu-miR-185-3p	1	3	1	4	1	1	1	6	0	2
mmu-miR-503-5p	1	2	0	0	3	0	1	5	1	4
mmu-miR-6940-3p	1	0	0	0	1	0	0	0	0	1
mmu-miR-3095-3p	1	2	3	0	0	0	0	2	1	2
mmu-miR-3089-3p	1	2	1	2	0	0	1	1	0	1
mmu-miR-652-5p	1	0	0	0	2	0	0	1	0	1
mmu-miR-487b-3p	1	2	0	2	8	1	1	0	4	2
mmu-miR-219c-5p	1	0	0	0	0	0	0	0	0	0
mmu-miR-883b-5p	1	1	0	0	3	0	0	0	4	3
mmu-miR-130b-3p	1	2	3	2	3	0	1	5	7	4
mmu-miR-96-3p	1	0	1	1	2	0	0	1	1	1
mmu-let-7i-3p	1	1	0	1	6	0	2	2	4	1
mmu-miR-376c-3p	1	0	3	6	6	2	2	7	17	11
mmu-miR-501-5p	1	0	0	0	0	0	0	1	1	3
mmu-miR-770-3p	1	0	1	0	1	0	0	3	0	1
mmu-miR-139-3p	1	1	1	1	1	1	1	3	13	4
mmu-mir-429	1	0.5	1.5	0.5	0.5	0	1	0	6.5	0
mmu-miR-673-5p	1	0	0	3	0	0	1	1	1	2
mmu-miR-145b	1	0	0	2	2	1	1	1	4	6
mmu-miR-3105-3p	1	0	0	0	1	0	0	0	0	0
mmu-miR-6994-3p	1	0	0	0	0	0	0	0	0	0
mmu-miR-5129-5p	1	0	0	0	0	0	0	0	1	0
mmu-miR-466h-5p	1	0	2	0	2	0	0	2	2	3
mmu-miR-369-5p	1	1	0	2	2	2	3	9	4	6
mmu-miR-760-3p	1	0	0	2	1	0	0	4	0	1
mmu-miR-1983	1	2	1	0	1	1	2	0	5	1
mmu-miR-504-5p	1	2	0	0	0	0	1	0	2	4
mmu-miR-193a-3p	1	0	4	0	0	0	0	0	1	3
mmu-miR-7069-3p	1	0	0	0	0	0	0	0	0	0
mmu-miR-511-3p	1	9	7	7	8	2	2	13	17	12
mmu-miR-467b-3p	1	0	0	0	0.5	0	0	0	0	0.5
mmu-miR-5132-5p	1	0	0	0	1	0	0	0	3	0
mmu-miR-463-3p	1	4	8	1	4	3	1	10	7	9
mmu-let-7k	1	0.5	0	0	1	1	1	3	3	2
mmu-miR-708-3p	1	1	1	0	3	0	2	1	3	0
mmu-miR-1934-5p	1	0	0	0	0	0	0	1	0	0
mmu-miR-7240-5p	1	0	0	0	0	0	0	0	0	2
mmu-miR-7669-5p	1	1	1	0	0	1	1	2	3	0
mmu-miR-6988-3p	1	0	0	0	2	0	0	2	1	3
mmu-miR-6902-3p	1	0	0	0	0	0	0	0	0	0
mmu-miR-667-3p	1	0	0	1	3	0	0	1	3	1
mmu-miR-21a-3p	1	2	0	0	3	0	3	2	4	6
mmu-miR-547-3p	1	2	2	3	4	1	0	3	5	12
mmu-miR-93-3p	1	0	0	1	3	2	3	5	8	5
mmu-miR-470-3p	1	2	2	3	5	0	0	1	4	10
mmu-miR-6897-5p	1	0	0	0	0	0	0	0	0	0
mmu-miR-338-3p	1	2	1	1	2	0	0	5	1	8
mmu-miR-299a-3p	1	3	1	2	2	0	0	1	2	1
mmu-miR-543-3p	1	1	0	0	1	0	0	2	4	6
mmu-miR-433-3p	1	1	0	0	1	0	1	6	12	3
mmu-miR-7015-3p	1	0	0	1	0	0	0	1	4	1
mmu-miR-1291	1	1	4	0	2	1	1	4	4	4
mmu-miR-6946-3p	1	1	0	2	2	0	0	0	1	2
mmu-miR-344-3p	1	2	0	5	8	2	0	3	6	5
mmu-mir-3962	1	0	0	0	0	0	0	0	1.5	1
mmu-let-7f-1-3p	1	3	5	1	6	4	5	4	6	6
mmu-miR-1191a	1	6	1	2	3	0	1	9	3	3
mmu-miR-7025-3p	1	0	1	0	0	0	1	0	0	0
mmu-miR-1964-3p	1	8	1	1	1	0	0	3	0	2
mmu-miR-193a-5p	1	4	5	2	4	3	1	7	4	6
mmu-miR-206-3p	1	43	5	1	57	1	7	3	11	6
mmu-miR-1933-5p	1	0	1	0	0	0	0	1	0	0
mmu-miR-296-3p	1	0	0	1	1	0	1	2	2	3
mmu-miR-468-5p	1	1	0	1	4	1	3	4	0	3
mmu-miR-200c-5p	1	1	1	1	2	1	0	0	7	3
mmu-miR-5132-3p	1	0	0	0	0	0	0	0	0	1
mmu-miR-15a-3p	1	0	0	1	0	0	2	0	0	3
mmu-miR-150-3p	1	4	3	3	2	0	1	5	2	2
mmu-miR-1949	1	0	0	0	1	0	0	0	0	1
mmu-miR-365-2-5p	1	0	0	0	0	0	0	1	2	0
mmu-miR-186-3p	1	0	0	1	0	0	0	0	0	0
mmu-miR-3064-5p	1	3	2	0	0	2	0	4	0	3
mmu-miR-341-3p	1	1	5	1	3	0	3	2	2	3
mmu-miR-337-3p	1	1	0	1	0	1	0	0	2	0
mmu-miR-301a-5p	1	1	1	1	3	0	0	1	2	1
mmu-miR-330-3p	1	1	2	1	3	5	3	3	7	10
mmu-miR-202-3p	1	0	0	1	1	0	0	0	1	2
mmu-miR-499-5p	1	12	4	5	7	4	3	1	10	14
mmu-miR-146b-3p	1	0	1	2	0	0	0	0	1	7
mmu-miR-466h-3p	1	0	0	1	1	0	1	1	2	3
mmu-miR-135b-5p	1	0	0	2	1	0	0	2	2	0
mmu-miR-217-5p	1	1	3	3	4	1	0	2	4	5
mmu-miR-132-5p	1	4	1	2	4	4	4	1	7	6
mmu-miR-872-3p	1	20	4	12	8	7	7	15	21	20
mmu-miR-205-3p	1	0	0	0	2	0	1	1	0	1
mmu-miR-190b-5p	1	7	2	1	7	8	1	6	7	9
mmu-miR-1943-5p	1	0	1	0	0	0	0	0	0	2
mmu-miR-27b-5p	1	4	4	1	3	2	0	3	8	11
mmu-miR-676-5p	1	8	11	8	8	5	5	14	19	22
mmu-miR-18a-3p	1	5	1	0	1	0	0	5	10	3
mmu-miR-299a-5p|mmu-miR-299b-5p	1	2	11	3	1	2	3	5	8	3.5
mmu-miR-322-5p	1	5	3	2	3	1	1	5	11	7
mmu-miR-7043-3p	1	0	2	1	2	0	0	4	7	4
mmu-miR-1193-3p	1	1	0	3	3	1	0	3	1	1
mmu-miR-664-5p	1	3	6	2	3	3	2	9	4	13
mmu-miR-130a-5p	1	0	0	0	1	0	0	0	0	0
mmu-miR-190a-5p	1	7	1	3	4	0	0	7	6	4
mmu-miR-582-5p	1	2	4	1	0	1	1	1	3	3
mmu-miR-494-3p	1	2	4	7	5	0	5	12	16	6
mmu-miR-1969	1	2	0	0	0	1	0	0	0	0
mmu-miR-7219-3p	1	0	0	0	1	0	0	2	0	0
mmu-miR-467d-5p	1	7	2	4	6	2	1	5	20	5
mmu-miR-742-5p	1	0	1	2	3	1	0	1	2	1
mmu-miR-669o-5p	1	1	2	1	0	2	0	8	11	3
mmu-miR-196b-3p	1	4	1	1	1	0	2	1	5	2
mmu-miR-127-5p	1	10	10	8	12	6	2	12	12	12
mmu-let-7a-2	0.666666666666667	1	2.66666666666667	0.666666666666667	0.333333333333333	0	0	3.16666666666667	0.583333333333333	0.666666666666667
mmu-miR-103-2-5p	0.5	0	0	0	0	0	0	0	0	0
mmu-miR-103-1-5p	0.5	0	0	0	0	0	0	0	0	0
mmu-miR-28c	0.5	1	0.5	2.5	1.5	0.5	1	2.5	5.5	4.5
mmu-mir-146b	0.5	0	0	0	0.5	0.5	0	0	0.5	0
mmu-mir-466c-1	0.2	0	0.307692307692308	0.2	0	0.25	0.0769230769230769	0.0769230769230769	0.125	0.0769230769230769
mmu-mir-466c-2	0.2	0	0.407692307692308	0.166666666666667	1.2	0.25	0.0769230769230769	0.376923076923077	0.125	0.167832167832168
mmu-mir-466b-8	0.2	0.4	0.407692307692308	0.166666666666667	0	0.25	0.0769230769230769	0.501923076923077	0.725	0.167832167832168
mmu-mir-466b-1	0.2	0.4	0.407692307692308	0.166666666666667	0	0	0.0769230769230769	0.501923076923077	0.725	0.167832167832168
mmu-mir-466b-2	0.2	0	0.407692307692308	0	0	0.25	0.0769230769230769	0.376923076923077	0	0.167832167832168
mmu-mir-466b-7	0.2	0.4	0.407692307692308	0.166666666666667	0	0.25	0.0769230769230769	0.501923076923077	0.6	0.167832167832168
mmu-mir-466b-4	0.2	0	0.307692307692308	0.2	1.86666666666667	0.25	0	0.125	0.125	0.167832167832168
mmu-mir-466p	0.2	0	0.307692307692308	0	0	0.25	0.0769230769230769	0.376923076923077	0.6	0.0769230769230769
mmu-mir-466b-5	0.2	0	0.1	0.2	1.2	0.25	0.0769230769230769	0.0769230769230769	0	0.0909090909090909
mmu-miR-741-5p	0	11	6	7	7	4	1	7	18	10
mmu-miR-28a-5p	0	8	7	8	7	7	6	11	17	12
mmu-miR-466g	0	6	4	2	1	1	3	1	8	6
mmu-miR-129-2-3p	0	5.5	4	6	6.5	2	0	4	0.5	5
mmu-miR-361-5p	0	5	2	1	3	0	1	1	2	4
mmu-miR-532-3p	0	4	6	4	7	1	3	7	14	13
mmu-miR-16-1-3p	0	4	2	1	2	2	1	1	1	3
mmu-miR-147-5p	0	4	1	2	3	1	2	0	9	2
mmu-miR-29b-1-5p	0	4	1	0	1	0	0	1	3	0
mmu-miR-20b-5p	0	4	2	2	15	1	1	6.5	3.5	6.5
mmu-miR-99a-3p	0	3	1	0	3	0	0	1	2	4
mmu-miR-219a-5p	0	3	0	1	0	0	2	0	0	0
mmu-miR-323-3p	0	3	3	0	2	0	0	1	3	1
mmu-miR-5100	0	3	1	1	1	0	0	0	2	0
mmu-miR-203-5p	0	3	1	1	0	1	0	2	0	0
mmu-miR-125b-1-3p	0	3	10	3	11	4	3	8	17	5
mmu-miR-3060-3p	0	3	0	1	1	0	0	1	2	1
mmu-miR-350-5p	0	3	1	3	2	1	1	2	6	0
mmu-miR-450b-3p	0	3	0	2	0	1	0	1	0	3
mmu-miR-700-5p	0	2	4	1	2	0	1	3	3	7
mmu-miR-3066-5p	0	2	1	2	4	1	0	3	0	1
mmu-let-7e-3p	0	2	3	2	3	0	0	4	4	2
mmu-miR-3084-3p	0	2	0	0	1	0	0	2	0	4
mmu-miR-935	0	2	0	0	2	0	0	1	2	3
mmu-miR-376b-3p	0	2	1	5	3	2	1	3	8	3
mmu-miR-7052-3p	0	2	0	0	0	0	0	0	0	1
mmu-miR-7046-3p	0	2	0	2	0	0	0	0	0	1
mmu-miR-883a-5p	0	2	1	1	2	0	1	0	2	6
mmu-miR-5626-5p	0	2	0	0	0	0	0	0	0	0
mmu-miR-701-5p	0	2	1	0	1	0	0	0	5	1
mmu-miR-210-5p	0	2	1	1	6	2	1	2	5	2
mmu-miR-7035-3p	0	2	0	0	0	0	0	0	0	0
mmu-miR-3473d	0	2	0	0	1	1	0	1	2	0
mmu-miR-505-5p	0	2	0	0	1	0	1	3	3	3
mmu-miR-377-3p	0	2	2	1	1	0	0	0	0	0
mmu-miR-5107-3p	0	2	0	0	0	1	0	1	2	3
mmu-miR-490-3p	0	2	2	0	2	0	0	1	1	2
mmu-miR-877-3p	0	2	2	0	3	0	2	5	1	1
mmu-miR-378a-5p	0	2	5	1	4	1	2	4	7	11
mmu-miR-141-5p	0	2	8	2	12	4	2	5	16	4
mmu-let-7c-1	0	1.5	0.833333333333333	0.333333333333333	1.16666666666667	0.333333333333333	0.583333333333333	1	3.5	0
mmu-miR-582-3p	0	1	0	0	0	0	3	1	4	2
mmu-miR-20a-3p	0	1	1	1	4	0	1	1	5	2
mmu-miR-466f-3p	0	1	2	0	0	0	0	0	2	3
mmu-miR-7649-5p	0	1	0	0	0	0	0	0	0	0
mmu-miR-9769-3p	0	1	0	0	0	0	0	0	0	0
mmu-miR-466m-3p	0	1	0	0	0	0	0	0	0	0
mmu-miR-540-3p	0	1	0	0	1	0	1	4	0	0
mmu-miR-7001-5p	0	1	0	0	0	0	0	0	0	0
mmu-miR-6952-3p	0	1	0	0	0	0	0	2	1	2
mmu-miR-511-5p	0	1	0	1	2	1	0	1	4	4
mmu-miR-669m-3p	0	1	1	0	2	2	0	0	2	0
mmu-miR-1927	0	1	0	0	1	0	0	1	0	3
mmu-mir-6402	0	1	0	0	1.5	0	0	2	3	1
mmu-miR-380-5p	0	1	1	0	1	0	0	1	1	0
mmu-miR-293-3p	0	1	1	0	0	0	0	0	2	0
mmu-miR-431-5p	0	1	2	3	7	0	3	6	7	5
mmu-miR-194-2-3p	0	1	0	0	0	0	1	0	0	0
mmu-miR-376a-5p	0	1	1	0	0	2	0	0	1	0
mmu-miR-182-3p	0	1	4	3	3	0	0	1	4	8
mmu-miR-1948-5p	0	1	0	0	1	0	0	1	1	3
mmu-miR-380-3p	0	1	2	0	1	1	0	0	0	1
mmu-miR-6538	0	1	2	1	4	1	1	6	2	1
mmu-miR-7236-3p	0	1	0	1	0	0	0	0	1	0
mmu-miR-6970-3p	0	1	0	0	0	0	0	0	0	0
mmu-miR-503-3p	0	1	0	0	1	0	0	5	0	4
mmu-miR-6516-5p	0	1	4	0	0	1	3	3	1	5
mmu-miR-219a-1-3p	0	1	0	0	1	0	0	2	2	0
mmu-miR-3109-3p	0	1	0	0	0	0	0	1	1	0
mmu-miR-6964-3p	0	1	0	0	0	0	0	0	0	1
mmu-miR-190a-3p	0	1	0	0	1	0	0	1	0	0
mmu-miR-8120	0	1	0	0	0	0	0	1	0	0
mmu-miR-491-5p	0	1	1	0	1	0	0	0	1	0
mmu-miR-7222-3p	0	1	0	0	0	0	0	0	0	0
mmu-let-7i	0	1	0	0	0	0	0	0	0	0
mmu-miR-574-5p	0	1	0	2	3	0	1	6	12	3
mmu-miR-7024-3p	0	1	0	0	0	0	0	0	0	0
mmu-miR-669l-5p	0	1	5	3	2	0	1	11	4	4
mmu-miR-133a-5p	0	1	0	1	3	0	0	0	4	3
mmu-miR-6973a-3p	0	1	0	0	0	0	0	0	0	0
mmu-miR-1247-5p	0	1	1	0	1	0	0	0	1	1
mmu-miR-295-3p	0	1	1	1	3	0	0	0	2	0
mmu-miR-5107-5p	0	1	0	0	0	1	0	0	3	2
mmu-miR-6972-3p	0	1	0	0	1	0	0	1	1	0
mmu-miR-483-3p	0	1	0	0	0	0	0	0	1	0
mmu-miR-216b-5p	0	1	0	2	1	0	1	0	0	0
mmu-miR-669f-5p	0	1	0	0	0	0	0	0	0	0
mmu-miR-7210-3p	0	1	1	1	0	0	0	2	2	1
mmu-miR-101a-5p	0	1	2	0	2	3	1	0	1	1
mmu-let-7c-2	0	1	0.833333333333333	0.333333333333333	0.666666666666667	0.333333333333333	0.583333333333333	1	3.5	0.5
mmu-miR-7061-5p	0	1	0	0	0	0	0	1	0	0
mmu-miR-6903-5p	0	1	0	0	0	0	0	0	0	0
mmu-miR-880-3p	0	1	1	0	1	0	3	0	1	4
mmu-miR-8094	0	1	0	0	2	1	2	1	0	4
mmu-miR-301a-3p	0	1	0	1	1	0	0	0	0	2
mmu-miR-188-5p	0	1	1	1	0	1	1	0	1	2
mmu-miR-5114	0	1	0	1	0	0	0	1	1	2
mmu-miR-6919-3p	0	1	0	0	0	0	0	0	0	0
mmu-miR-5119	0	1	5	1	0	0	0	0	2	1
mmu-miR-592-5p	0	1	0	0	1	0	1	3	2	0
mmu-miR-6238	0	1	0	0	0	0	1	0	0	0
mmu-miR-3072-5p	0	1	0	0	0	0	0	0	0	0
mmu-miR-195b	0	1	0	0	1	0	0	0	1	1
mmu-miR-7242-3p	0	1	0	0	1	0	0	0	0	2
mmu-miR-7229-3p	0	1	0	0	0	0	0	0	0	0
mmu-miR-7030-3p	0	1	0	0	1	0	0	1	1	2
mmu-miR-23b-5p	0	1	0	1	0	0	1	1	6	3
mmu-miR-7091-3p	0	1	1	0	0	0	0	0	1	0
mmu-miR-7093-3p	0	1	0	0	0	0	0	0	0	0
mmu-miR-384-3p	0	1	0	0	1	0	0	0	1	0
mmu-miR-542-3p	0	1	0	0	1	0	0	0	1	1
mmu-miR-467e-3p	0	0.5	1	0.666666666666667	0	0	0	1.33333333333333	2.16666666666667	0.333333333333333
mmu-miR-486b-3p	0	0.5	0	0.5	1.5	0	0	1.5	1.5	1
mmu-mir-101b	0	0.5	0.5	3	2	0.5	0.5	2.5	1	6
mmu-miR-129-1-3p	0	0.5	0	0	2.5	0	0	0	0.5	0
mmu-mir-1843b	0	0.5	0	0	0	0	0	0	0	0
mmu-mir-10a	0	0.5	0	0	0	0	0	0	0	0
mmu-mir-29c	0	0.5	0	0	0	0	0	0.5	0	0
mmu-miR-467c-3p	0	0.5	1	0.666666666666667	0	0	0	1.33333333333333	2.16666666666667	0.333333333333333
mmu-miR-3964	0	0.5	0	0.5	1	0	1	0	1	0
mmu-miR-486a-3p|mmu-miR-486b-3p	0	0.5	0	0.5	1.5	0	0	2.5	1.5	3
mmu-miR-21c	0	0.5	0	0	0	0	0	0	0	0
mmu-mir-466b-6	0	0.4	0.407692307692308	0.166666666666667	0	0.25	0.0769230769230769	0.501923076923077	0.125	0.167832167832168
mmu-miR-3474	0	0	4	4	1	0	1	1	6	2
mmu-miR-125a-3p	0	0	3	3	0	2	0	2	5	2
mmu-miR-370-3p	0	0	3	3	4	1	0	10	8	8
mmu-miR-488-3p	0	0	2	0	1	0	0	1	0	0
mmu-miR-5108	0	0	2	1	0	0	0	2	0	0
mmu-miR-291a-3p	0	0	2	0	0	0	0	0	1	0
mmu-miR-467f	0	0	2	0	0	0	0	0	0	0
mmu-miR-6980-3p	0	0	1	1	0	0	0	0	0	1
mmu-miR-32-3p	0	0	1	2	0	0	0	3	2	1
mmu-miR-331-5p	0	0	1	2	1	1	1	1	1	2
mmu-miR-23a-5p	0	0	1	0	1	1	0	0	0	0
mmu-miR-6418-3p	0	0	1	0	0	0	0	1	0	0
mmu-miR-494-5p	0	0	1	0	0	0	0	0	0	0
mmu-miR-7031-5p	0	0	1	0	0	0	0	0	0	0
mmu-miR-6899-3p	0	0	1	0	0	0	0	0	0	1
mmu-miR-5106	0	0	1	0	1	0	0	0	0	0
mmu-miR-449c-3p	0	0	1	0	0	0	0	0	1	0
mmu-miR-669e-5p	0	0	1	1	1	1	0	0	2	5
mmu-miR-196a-1-3p	0	0	1	2	0	2	0	2	2	3
mmu-miR-1964-5p	0	0	1	0	0	0	0	0	0	0
mmu-miR-5104	0	0	1	0	0	0	0	0	0	0
mmu-miR-5113	0	0	1	0	0	0	1	0	1	0
mmu-miR-467h	0	0	1	0	0	1	0	0	0	1
mmu-miR-450b-5p	0	0	1	0	0	1	0	0	0	0
mmu-miR-297b-5p	0	0	1	0	2	1	0	1	4	1
mmu-miR-33-5p	0	0	1	1	0	0	2	0	5	2
mmu-miR-137-5p	0	0	1	0	0	2	0	2	0	1
mmu-miR-5112	0	0	1	0	0	0	0	0	1	0
mmu-miR-742-3p	0	0	1	3	4	0	0	0	5	1
mmu-miR-6948-5p	0	0	1	0	0	0	0	0	0	0
mmu-miR-3072-3p	0	0	1	3	3	1	1	5	3	4
mmu-miR-1961	0	0	1	1	1	1	0	1	3	1
mmu-miR-669b-3p	0	0	1	0	1	0	0	0	0	0
mmu-miR-33-3p	0	0	1	3	6	1	1	2	5	1
mmu-miR-6976-3p	0	0	1	0	0	0	0	0	1	0
mmu-miR-6909-5p	0	0	1	0	0	0	0	0	0	0
mmu-miR-6906-3p	0	0	1	0	0	0	0	1	0	1
mmu-miR-7059-5p	0	0	1	0	0	0	0	0	0	1
mmu-miR-6916-5p	0	0	1	0	0	0	0	0	0	0
mmu-miR-1b-5p	0	0	1	0	0	0	0	0	0	0
mmu-miR-466b-5p|mmu-miR-466o-5p	0	0	1	0	0.5	0	0.5	1	1	0.5
mmu-miR-615-5p	0	0	1	0	0	0	0	0	1	1
mmu-miR-678	0	0	1	0	0	0	0	0	0	0
mmu-miR-1945	0	0	1	0	2	0	1	0	4	2
mmu-miR-490-5p	0	0	1	0	0	0	0	0	1	1
mmu-miR-879-5p	0	0	1	0	0	0	0	0	1	1
mmu-miR-467g	0	0	1	0	0	0	0	0	0	0
mmu-miR-6964-5p	0	0	1	1	0	0	0	0	1	0
mmu-miR-7647-5p	0	0	1	0	0	0	0	1	0	0
mmu-miR-212-5p	0	0	1	1	1	0	0	2	1	2
mmu-miR-154-3p	0	0	1	1	1	0	1	0	1	1
mmu-miR-5129-3p	0	0	1	0	0	0	0	0	0	0
mmu-miR-1247-3p	0	0	1	3	0	1	1	1	2	2
mmu-miR-3102-3p	0	0	1	2	3	1	0	2	1	8
mmu-miR-466d-5p|mmu-miR-466n-5p	0	0	1	0	0	0	0	0	1	1
mmu-miR-7685-3p	0	0	1	0	0	0	0	0	0	0
mmu-mir-434	0	0	0.5	0	0	0	0	0	0	0
mmu-miR-466a-3p|mmu-miR-466e-3p	0	0	0.5	0.5	0.5	0.5	0.5	0	0.5	1.5
mmu-miR-3962	0	0	0.5	1.5	1	0	0	1	2.5	1
mmu-mir-466c-3	0	0	0.407692307692308	0	0	0	0.0769230769230769	0.201923076923077	0.125	0.167832167832168
mmu-mir-466a	0	0	0.407692307692308	0	0	0.25	0.0769230769230769	0.501923076923077	0	0.167832167832168
mmu-mir-466e	0	0	0.307692307692308	0.2	1.86666666666667	0.25	0.0769230769230769	0.376923076923077	0	0.0769230769230769
mmu-mir-467a-4	0	0	0.25	0	0	0	0	0	0	0
mmu-mir-467a-9	0	0	0.25	0	0	0	0	0	0	0
mmu-mir-467a-2	0	0	0.25	0.125	0	0	0	0	0	0
mmu-mir-467c	0	0	0.25	0.125	0	0	0	0	0	0
mmu-mir-467d	0	0	0.25	0.125	0	0	0	0	0	0
mmu-mir-467a-1	0	0	0.25	0	0	0	0	0	0	0
mmu-mir-467a-7	0	0	0.25	0	0	0	0	0	0	0
mmu-miR-7224-3p	0	0	0	3	0	0	0	3	0	0
mmu-miR-505-3p	0	0	0	2	0	0	0	0	2	1
mmu-miR-7068-3p	0	0	0	2	1	0	1	2	1	1
mmu-miR-3473e	0	0	0	2	0	0	0	0	0	0
mmu-miR-6975-3p	0	0	0	2	2	0	0	0	0	1
mmu-mir-669p-1	0	0	0	1.33333333333333	0.25	0	0	0.666666666666667	0.833333333333333	0.5
mmu-mir-669p-2	0	0	0	1.33333333333333	0.25	0	0	0.666666666666667	0.833333333333333	0.5
mmu-miR-3081-3p	0	0	0	1	0	0	0	0	0	0
mmu-miR-8112	0	0	0	1	0	0	2	0	0	1
mmu-miR-6904-3p	0	0	0	1	0	0	0	0	0	0
mmu-miR-7085-3p	0	0	0	1	0	0	0	0	0	0
mmu-miR-7021-5p	0	0	0	1	0	0	0	0	0	0
mmu-miR-130b-5p	0	0	0	1	0	0	0	0	1	0
mmu-miR-7210-5p	0	0	0	1	0	1	0	0	0	1
mmu-miR-431-3p	0	0	0	1	0	0	0	0	0	1
mmu-miR-222-5p	0	0	0	1	1	0	0	0	0	0
mmu-miR-216a-3p	0	0	0	1	0	0	0	0	0	0
mmu-miR-493-5p	0	0	0	1	0	0	0	0	2	1
mmu-miR-7092-5p	0	0	0	1	0	0	0	1	0	0
mmu-miR-6971-3p	0	0	0	1	1	0	0	0	0	0
mmu-miR-5624-5p	0	0	0	1	0	0	0	0	0	0
mmu-let-7a-2-3p	0	0	0	1	0	0	0	0	1	1
mmu-miR-6918-5p	0	0	0	1	0	0	0	0	0	0
mmu-miR-3572-5p	0	0	0	1	0	0	0	0	0	0
mmu-miR-7655-3p	0	0	0	1	0	0	0	0	0	0
mmu-miR-3062-5p	0	0	0	1	0	0	0	0	0	0
mmu-miR-465d-3p	0	0	0	1	1	0	0	0.5	0	1
mmu-miR-135a-2-3p	0	0	0	1	0	1	0	1	0	2
mmu-miR-7649-3p	0	0	0	1	0	0	0	0	1	0
mmu-miR-7084-3p	0	0	0	1	0	0	0	0	0	0
mmu-miR-7083-5p	0	0	0	1	0	0	0	0	1	0
mmu-miR-3061-5p	0	0	0	1	0	0	0	0	0	0
mmu-miR-1960	0	0	0	1	0	0	0	0	1	0
mmu-miR-144-5p	0	0	0	1	1	0	1	0	0	0
mmu-miR-5101	0	0	0	1	0	1	0	0	1	1
mmu-miR-3094-3p	0	0	0	1	0	0	0	0	2	0
mmu-miR-669e-3p	0	0	0	1	0	0	0	0	0	0
mmu-miR-1a-1-5p	0	0	0	1	0	0	0	0	2	0
mmu-miR-449a-3p	0	0	0	1	1	0	0	0	1	0
mmu-miR-483-5p	0	0	0	1	0	0	0	1	1	0
mmu-miR-1668	0	0	0	1	2	0	0	0	0	0
mmu-miR-6908-3p	0	0	0	1	0	0	1	0	0	0
mmu-mir-27a	0	0	0	0.5	0	0	0	0	0	1
mmu-mir-467a-6	0	0	0	0.125	0	0	0	0	0	0
mmu-mir-467a-3	0	0	0	0.125	0	0	0	0	0	0
mmu-mir-467a-5	0	0	0	0.125	0	0	0	0	0	0
mmu-mir-467e	0	0	0	0.125	0	0	0	0	0	0
mmu-miR-1982-3p	0	0	0	0	4	0	0	0	3	0
mmu-miR-196a-2-3p	0	0	0	0	2	0	0	0	0	0
mmu-miR-3082-3p	0	0	0	0	2	1	0	0	2	2
mmu-miR-3086-5p	0	0	0	0	2	0	0	0	0	0
mmu-miR-338-5p	0	0	0	0	2	0	0	0	6	1
mmu-miR-292a-5p	0	0	0	0	2	1	0	0	2	0
mmu-miR-181d-3p	0	0	0	0	1	0	0	0	0	0
mmu-miR-1224-3p	0	0	0	0	1	0	0	0	0	0
mmu-miR-193b-5p	0	0	0	0	1	0	0	0	0	0
mmu-miR-207	0	0	0	0	1	0	0	0	0	0
mmu-miR-1188-5p	0	0	0	0	1	0	0	0	0	1
mmu-miR-6967-3p	0	0	0	0	1	0	0	0	0	0
mmu-miR-694	0	0	0	0	1	0	0	2	0	0
mmu-miR-376c-5p	0	0	0	0	1	0	0	0	0	0
mmu-miR-760-5p	0	0	0	0	1	0	0	0	0	0
mmu-miR-3547-3p	0	0	0	0	1	0	0	0	0	0
mmu-miR-666-5p	0	0	0	0	1	0	0	0	0	0
mmu-miR-219a-2-3p	0	0	0	0	1	0	0	1	1	0
mmu-miR-1298-5p	0	0	0	0	1	1	0	0	0	0
mmu-miR-433-5p	0	0	0	0	1	0	0	0	0	1
mmu-miR-669l-3p	0	0	0	0	1	0	0	0.5	0	0
mmu-miR-3110-3p	0	0	0	0	1	0	0	0	0	0
mmu-miR-292a-3p	0	0	0	0	1	0	0	0	1	0
mmu-miR-7034-3p	0	0	0	0	1	0	0	0	0	0
mmu-miR-208b-3p	0	0	0	0	1	0	0	0	0	0
mmu-miR-669a-3-3p	0	0	0	0	1	0	0	0	1	1
mmu-miR-6540-5p	0	0	0	0	1	0	0	0	0	0
mmu-miR-468-3p	0	0	0	0	1	0	0	0	1	1
mmu-miR-3103-3p	0	0	0	0	1	0	0	0	0	1
mmu-miR-5615-3p	0	0	0	0	1	0	0	0	0	0
mmu-miR-382-3p	0	0	0	0	1	1	0	0	2	1
mmu-miR-3069-3p	0	0	0	0	1	0	0	0	0	0
mmu-miR-6922-3p	0	0	0	0	1	0	0	0	1	0
mmu-miR-188-3p	0	0	0	0	1	0	0	0	0	0
mmu-miR-3087-3p	0	0	0	0	1	0	0	2	1	0
mmu-miR-7033-5p	0	0	0	0	1	0	0	0	0	0
mmu-miR-138-1-3p	0	0	0	0	1	1	0	0	0	0
mmu-miR-3102-3p.2-3p	0	0	0	0	1	0	0	0	0	0
mmu-miR-7067-3p	0	0	0	0	1	0	0	0	0	0
mmu-miR-7676-3p	0	0	0	0	1	0	0	0	0	0
mmu-miR-7674-3p	0	0	0	0	1	0	0	0	0	0
mmu-miR-6983-3p	0	0	0	0	1	0	0	0	0	0
mmu-miR-6897-3p	0	0	0	0	1	0	0	0	0	0
mmu-miR-1b-3p	0	0	0	0	1	0	0	1	0	0
mmu-miR-701-3p	0	0	0	0	1	0	0	0	0	0
mmu-miR-3067-5p	0	0	0	0	1	0	0	1	1	1
mmu-miR-669d-2-3p|mmu-miR-669d-3p	0	0	0	0	0.5	0	0	0.5	0	0
mmu-miR-466b-5p|mmu-miR-466e-5p|mmu-miR-466o-5p	0	0	0	0	0.5	0	0.5	0	0	0.5
mmu-miR-669d-2-3p	0	0	0	0	0.5	0	0	0	0	0
mmu-mir-669a-3	0	0	0	0	0.25	0	0	0	0.5	0.5
mmu-miR-204-3p	0	0	0	0	0	3	0	2	1	2
mmu-miR-3059-5p	0	0	0	0	0	2	0	0	0	0
mmu-miR-7a-2-3p	0	0	0	0	0	2	0	0	1	0
mmu-miR-6539	0	0	0	0	0	2	0	0	0	0
mmu-miR-7214-5p	0	0	0	0	0	1	0	0	1	1
mmu-let-7g-3p	0	0	0	0	0	1	0	0	0	2
mmu-miR-3965	0	0	0	0	0	1	0	0	0	0
mmu-miR-1941-5p	0	0	0	0	0	1	0	0	0	1
mmu-miR-374c-3p	0	0	0	0	0	1	0	2	0	0
mmu-miR-297c-5p	0	0	0	0	0	1	0	0	0	0
mmu-miR-1306-3p	0	0	0	0	0	1	0	2	2	1
mmu-miR-7075-3p	0	0	0	0	0	1	0	0	1	2
mmu-miR-677-3p	0	0	0	0	0	1	0	1	1	1
mmu-miR-1199-5p	0	0	0	0	0	1	0	0	0	1
mmu-miR-181b-1-3p	0	0	0	0	0	1	1	0	2	1
mmu-miR-7236-5p	0	0	0	0	0	1	0	0	0	0
mmu-miR-6950-3p	0	0	0	0	0	1	0	0	1	0
mmu-miR-147-3p	0	0	0	0	0	1	0	1	2	0
mmu-miR-466n-3p	0	0	0	0	0	1	1	0	2	2
mmu-miR-1956	0	0	0	0	0	1	0	0	1	0
mmu-mir-23a	0	0	0	0	0	0.5	0	0.5	2	1
mmu-miR-667-5p	0	0	0	0	0	0	2	0	0	0
mmu-miR-669b-5p	0	0	0	0	0	0	2	3	0	1
mmu-miR-5128	0	0	0	0	0	0	2	0	0	3
mmu-miR-7007-3p	0	0	0	0	0	0	2	0	0	0
mmu-miR-7230-3p	0	0	0	0	0	0	1	0	0	0
mmu-miR-6914-3p	0	0	0	0	0	0	1	0	0	0
mmu-miR-421-5p	0	0	0	0	0	0	1	0	0	1
mmu-miR-539-5p	0	0	0	0	0	0	1	1	0	0
mmu-miR-466f|mmu-miR-466f-5p	0	0	0	0	0	0	1	0	1	0
mmu-miR-294-3p	0	0	0	0	0	0	1	0	1	0
mmu-miR-7065-3p	0	0	0	0	0	0	1	0	0	0
mmu-miR-8097	0	0	0	0	0	0	1	2	1	0
mmu-miR-7217-3p	0	0	0	0	0	0	1	1	0	0
mmu-miR-7689-3p	0	0	0	0	0	0	1	0	0	1
mmu-miR-466l-3p	0	0	0	0	0	0	1	0	0	0
mmu-miR-7063-3p	0	0	0	0	0	0	1	0	0	1
mmu-miR-6516-3p	0	0	0	0	0	0	1	9	0	5
mmu-miR-873a-5p	0	0	0	0	0	0	1	2	0	0
mmu-miR-6989-3p	0	0	0	0	0	0	1	0	0	4
mmu-miR-6944-5p	0	0	0	0	0	0	1	0	0	0
mmu-miR-3097-3p	0	0	0	0	0	0	1	1	1	0
mmu-miR-5103	0	0	0	0	0	0	1	0	0	0
mmu-miR-122-3p	0	0	0	0	0	0	1	0	0	0
mmu-miR-465d-5p	0	0	0	0	0	0	1	1	0.5	0
mmu-miR-7673-3p	0	0	0	0	0	0	1	0	0	0
mmu-miR-299b-3p	0	0	0	0	0	0	0.5	0	1	0
mmu-let-7b	0	0	0	0	0	0	0.25	0	0	0
mmu-miR-5615-5p	0	0	0	0	0	0	0	3	1	0
mmu-miR-363-5p	0	0	0	0	0	0	0	2	1	0
mmu-miR-452-5p	0	0	0	0	0	0	0	2	2	3
mmu-miR-26a-1-3p	0	0	0	0	0	0	0	1	3	4
mmu-miR-452-3p	0	0	0	0	0	0	0	1	0	0
mmu-miR-5621-3p	0	0	0	0	0	0	0	1	0	0
mmu-miR-155-3p	0	0	0	0	0	0	0	1	0	0
mmu-miR-291a-5p	0	0	0	0	0	0	0	1	0	0
mmu-miR-6953-3p	0	0	0	0	0	0	0	1	0	0
mmu-miR-665-3p	0	0	0	0	0	0	0	1	0	0
mmu-miR-7079-3p	0	0	0	0	0	0	0	1	0	0
mmu-miR-3102-5p.2-5p	0	0	0	0	0	0	0	1	0	0
mmu-miR-1934-3p	0	0	0	0	0	0	0	1	0	1
mmu-miR-1251-5p	0	0	0	0	0	0	0	1	1	0
mmu-miR-7013-3p	0	0	0	0	0	0	0	1	0	0
mmu-miR-8117	0	0	0	0	0	0	0	1	0	0
mmu-miR-6537-3p	0	0	0	0	0	0	0	1	0	0
mmu-miR-1941-3p	0	0	0	0	0	0	0	1	1	2
mmu-miR-7231-5p	0	0	0	0	0	0	0	1	0	0
mmu-miR-6917-5p	0	0	0	0	0	0	0	1	0	0
mmu-miR-7053-3p	0	0	0	0	0	0	0	1	0	0
mmu-miR-7232-3p	0	0	0	0	0	0	0	1	0	0
mmu-miR-874-5p	0	0	0	0	0	0	0	1	0	1
mmu-miR-540-5p	0	0	0	0	0	0	0	1	0	1
mmu-miR-7073-5p	0	0	0	0	0	0	0	1	1	1
mmu-miR-7650-5p	0	0	0	0	0	0	0	1	0	1
mmu-mir-27b	0	0	0	0	0	0	0	1	1	0
mmu-miR-8100	0	0	0	0	0	0	0	1	0	0
mmu-miR-7241-3p	0	0	0	0	0	0	0	1	0	0
mmu-miR-7223-5p	0	0	0	0	0	0	0	1	0	0
mmu-miR-181b-2-3p	0	0	0	0	0	0	0	1	0	0
mmu-miR-212-3p	0	0	0	0	0	0	0	1	0	0
mmu-miR-693-5p	0	0	0	0	0	0	0	1	0	0
mmu-miR-6900-5p	0	0	0	0	0	0	0	0	3	0
mmu-miR-7019-3p	0	0	0	0	0	0	0	0	3	1
mmu-miR-190b-3p	0	0	0	0	0	0	0	0	2	0
mmu-miR-802-5p	0	0	0	0	0	0	0	0	2	0
mmu-miR-7226-3p	0	0	0	0	0	0	0	0	2	0
mmu-miR-1930-5p	0	0	0	0	0	0	0	0	2	2
mmu-miR-301b-3p	0	0	0	0	0	0	0	0	1	0
mmu-miR-6968-3p	0	0	0	0	0	0	0	0	1	0
mmu-miR-1970	0	0	0	0	0	0	0	0	1	0
mmu-miR-216a-5p	0	0	0	0	0	0	0	0	1	0
mmu-miR-3084-5p	0	0	0	0	0	0	0	0	1	0
mmu-miR-6943-3p	0	0	0	0	0	0	0	0	1	1
mmu-miR-6957-3p	0	0	0	0	0	0	0	0	1	0
mmu-miR-377-5p	0	0	0	0	0	0	0	0	1	0
mmu-miR-1943-3p	0	0	0	0	0	0	0	0	1	0
mmu-miR-101b-5p	0	0	0	0	0	0	0	0	1	0
mmu-miR-211-5p	0	0	0	0	0	0	0	0	1	0.5
mmu-miR-6928-5p	0	0	0	0	0	0	0	0	1	0
mmu-miR-467b-5p	0	0	0	0	0	0	0	0	1	4
mmu-miR-3058-5p	0	0	0	0	0	0	0	0	1	0
mmu-miR-3097-5p	0	0	0	0	0	0	0	0	1	0
mmu-miR-5623-5p	0	0	0	0	0	0	0	0	1	0
mmu-miR-8118	0	0	0	0	0	0	0	0	1	0
mmu-miR-1198-3p	0	0	0	0	0	0	0	0	1	0
mmu-miR-3058-3p	0	0	0	0	0	0	0	0	1	0
mmu-miR-704	0	0	0	0	0	0	0	0	1	1
mmu-miR-500-5p	0	0	0	0	0	0	0	0	1	0
mmu-miR-299a-5p	0	0	0	0	0	0	0	0	1	0
mmu-miR-669p-3p	0	0	0	0	0	0	0	0	1	0
mmu-miR-668-3p	0	0	0	0	0	0	0	0	1	0
mmu-miR-7021-3p	0	0	0	0	0	0	0	0	1	0
mmu-miR-6929-5p	0	0	0	0	0	0	0	0	1	0
mmu-miR-384-5p	0	0	0	0	0	0	0	0	1	0
mmu-miR-7013-5p	0	0	0	0	0	0	0	0	1	0
mmu-miR-135b-3p	0	0	0	0	0	0	0	0	1	0
mmu-miR-346-5p	0	0	0	0	0	0	0	0	1	0
mmu-miR-3061-3p	0	0	0	0	0	0	0	0	1	1
mmu-miR-7646-5p	0	0	0	0	0	0	0	0	1	0
mmu-miR-7680-3p	0	0	0	0	0	0	0	0	1	0
mmu-miR-216b-3p	0	0	0	0	0	0	0	0	1	0
mmu-mir-374c	0	0	0	0	0	0	0	0	0.5	0.5
mmu-mir-669e	0	0	0	0	0	0	0	0	0.5	0
mmu-miR-679-3p	0	0	0	0	0	0	0	0	0	3
mmu-miR-3572-3p	0	0	0	0	0	0	0	0	0	2
mmu-miR-383-5p	0	0	0	0	0	0	0	0	0	1
mmu-miR-491-3p	0	0	0	0	0	0	0	0	0	1
mmu-miR-8111	0	0	0	0	0	0	0	0	0	1
mmu-miR-208a-5p	0	0	0	0	0	0	0	0	0	1
mmu-miR-7659-5p	0	0	0	0	0	0	0	0	0	1
mmu-miR-3473g	0	0	0	0	0	0	0	0	0	1
mmu-miR-1193-5p	0	0	0	0	0	0	0	0	0	1
mmu-miR-6963-3p	0	0	0	0	0	0	0	0	0	1
mmu-miR-7115-5p	0	0	0	0	0	0	0	0	0	1
mmu-miR-3064-3p	0	0	0	0	0	0	0	0	0	1
mmu-miR-7036a-5p	0	0	0	0	0	0	0	0	0	1
mmu-miR-467d-3p	0	0	0	0	0	0	0	0	0	1
mmu-miR-3569-5p	0	0	0	0	0	0	0	0	0	1
mmu-miR-7651-5p	0	0	0	0	0	0	0	0	0	1
mmu-miR-1955-5p	0	0	0	0	0	0	0	0	0	1
mmu-miR-3066-3p	0	0	0	0	0	0	0	0	0	1
mmu-miR-7668-3p	0	0	0	0	0	0	0	0	0	1
mmu-miR-1892	0	0	0	0	0	0	0	0	0	1
mmu-miR-7118-3p	0	0	0	0	0	0	0	0	0	1
mmu-miR-6958-3p	0	0	0	0	0	0	0	0	0	1
mmu-miR-7667-3p	0	0	0	0	0	0	0	0	0	1
mmu-miR-344b-3p	0	0	0	0	0	0	0	0	0	1
mmu-miR-449c-5p	0	0	0	0	0	0	0	0	0	1
mmu-miR-7036a-3p	0	0	0	0	0	0	0	0	0	1
mmu-miR-297a-5p	0	0	0	0	0	0	0	0	0	1
mmu-miR-7234-5p	0	0	0	0	0	0	0	0	0	1
mmu-miR-770-5p	0	0	0	0	0	0	0	0	0	1
mmu-miR-3088-3p	0	0	0	0	0	0	0	0	0	1
mmu-miR-146a-3p	0	0	0	0	0	0	0	0	0	1
mmu-miR-7009-3p	0	0	0	0	0	0	0	0	0	1
mmu-miR-3079-5p	0	0	0	0	0	0	0	0	0	1
mmu-miR-3475-3p	0	0	0	0	0	0	0	0	0	1
mmu-miR-6988-5p	0	0	0	0	0	0	0	0	0	1
mmu-miR-487b-5p	0	0	0	0	0	0	0	0	0	1
mmu-miR-3963	0	0	0	0	0	0	0	0	0	1
mmu-miR-124-5p	0	0	0	0	0	0	0	0	0	1
mmu-miR-1249-5p	0	0	0	0	0	0	0	0	0	1
mmu-miR-299b-5p	0	0	0	0	0	0	0	0	0	0.5
mmu-let-7g	0	0	0	0	0	0	0	0	0	0.5
mmu-mir-30b	0	0	0	0	0	0	0	0	0	0.5
mmu-mir-378b	0	0	0	0	0	0	0	0	0	0.333333333333333
