##FastQC	0.10.1
>>Basic Statistics	pass
#Measure	Value	
Filename	20190308sample5-trimmed.fastq	
File type	Conventional base calls	
Encoding	Sanger / Illumina 1.9	
Total Sequences	1737760	
Filtered Sequences	0	
Sequence length	15-32	
%GC	53	
>>END_MODULE
>>Per base sequence quality	pass
#Base	Mean	Median	Lower Quartile	Upper Quartile	10th Percentile	90th Percentile
1	33.043008240493506	34.0	33.0	34.0	32.0	34.0
2	33.28630881134334	34.0	33.0	34.0	32.0	34.0
3	33.27995062609336	34.0	33.0	34.0	32.0	34.0
4	33.14577789798361	34.0	33.0	34.0	31.0	34.0
5	33.327224703066015	34.0	33.0	34.0	33.0	34.0
6	34.646398236810604	38.0	35.0	38.0	27.0	38.0
7	34.175429863732624	38.0	34.0	38.0	26.0	38.0
8	34.72217855169874	38.0	35.0	38.0	27.0	38.0
9	34.913924822760336	38.0	35.0	38.0	28.0	38.0
10	35.26234462756652	38.0	36.0	38.0	29.0	38.0
11	35.415872732713375	38.0	36.0	38.0	29.0	38.0
12	35.21538187091428	38.0	36.0	38.0	29.0	38.0
13	35.1745994843937	38.0	36.0	38.0	28.0	38.0
14	35.253513718810424	38.0	36.0	38.0	28.0	38.0
15	35.17920886658687	38.0	36.0	38.0	28.0	38.0
16	35.371606388763055	38.0	36.0	38.0	29.0	38.0
17	35.343969065735315	38.0	36.0	38.0	29.0	38.0
18	35.41561570027131	38.0	36.0	38.0	29.0	38.0
19	35.08625441727409	38.0	36.0	38.0	28.0	38.0
20	35.57246333951989	38.0	36.0	38.0	29.0	38.0
21	35.09983449655422	38.0	36.0	38.0	28.0	38.0
22	35.424558022157825	38.0	36.0	38.0	29.0	38.0
23	35.699264051841055	38.0	36.0	38.0	29.0	38.0
24	35.73323538719909	38.0	36.0	38.0	29.0	38.0
25	35.72295320764629	38.0	36.0	38.0	29.0	38.0
26	34.816172037486936	38.0	35.0	38.0	27.0	38.0
27	35.39335167721885	38.0	36.0	38.0	28.0	38.0
28	35.092041879531855	38.0	35.0	38.0	28.0	38.0
29	35.48876345108983	38.0	36.0	38.0	28.0	38.0
30	35.06770282687956	38.0	35.0	38.0	27.0	38.0
31	34.86029939866778	38.0	35.0	38.0	27.0	38.0
32	34.6388099298844	38.0	35.0	38.0	27.0	38.0
>>END_MODULE
>>Per sequence quality scores	pass
#Quality	Count
16	2.0
17	19.0
18	66.0
19	217.0
20	543.0
21	1210.0
22	2430.0
23	4286.0
24	7005.0
25	10943.0
26	16039.0
27	23127.0
28	31945.0
29	43648.0
30	57657.0
31	76032.0
32	99620.0
33	131811.0
34	184501.0
35	267567.0
36	607987.0
37	171105.0
>>END_MODULE
>>Per base sequence content	fail
#Base	G	A	T	C
1	17.489901336184044	14.01810247013576	36.97409088998918	31.517905303691013
2	42.2088780959396	19.645232943559524	16.23659193444434	21.90929702605653
3	25.96871835005985	21.97392044931406	11.543653899272627	40.51370730135347
4	38.68078218070766	18.95011788184424	16.24197169109375	26.127128246354353
5	21.45024739880134	32.82132487871818	25.297592322693692	20.430835399786794
6	36.517125494889974	12.311711628763465	17.159849461375565	34.01131341497099
7	33.68572184881687	13.173165454378049	20.084706748918148	33.05640594788694
8	23.797590000920728	16.66392367185342	43.2147707393426	16.323715587883253
9	32.14977902587239	16.483346376945033	19.369936009575543	31.996938587607033
10	34.361226381814554	28.116063962819755	18.768807220131013	18.753902435234682
11	42.96116840069975	18.98944618359267	16.947794862351532	21.101590553356044
12	26.79366997554309	34.83936124298662	19.697367285282695	18.6696014961876
13	25.70901620476936	17.71107632814658	30.604456311573518	25.97545115551054
14	28.246248043458245	16.54561044102753	18.909688334407512	36.29845318110671
15	29.151608967866675	36.32820412485038	16.34656109013903	18.17362581714391
16	34.677573648094686	25.73270049698123	19.87366065235443	19.716065202569656
17	24.403570983089505	36.290953153121045	18.09789910725423	21.20757675653522
18	26.054251287478632	23.386441080184017	22.63302618596551	27.92628144637185
19	29.237793267144337	29.87476640480387	25.591405468120342	15.296034859931448
20	21.734412922436825	31.432257143439863	30.67610287369215	16.157227060431158
21	35.38193413817516	29.343656990932537	17.142946238521304	18.131462632370994
22	24.842274573968027	38.167889183155616	24.341851661836685	12.64798458103967
23	14.908242917827863	49.52041451337969	14.320598501041696	21.25074406775075
24	22.307001069553305	34.71797750472983	28.763360753630824	14.211660672086046
25	12.227621697133237	30.909042064164865	38.092068343820515	18.771267894881376
26	10.758484386873057	26.572461105422946	20.464558754802738	42.20449575290126
27	14.055327239292758	25.96942887292901	30.44378447934245	29.53145940843578
28	22.085015702108567	25.46825930910722	7.396253925527143	45.05047106325706
29	48.253384354101044	32.630036010514225	6.062592052317428	13.053987583067306
30	7.182593401381382	33.000009881130005	7.602541426637551	52.21485529085106
31	5.305196726161128	58.37125107414034	19.20774226266781	17.115809937030726
32	0.11370096645821488	99.6367885793696	0.20845177184006064	0.04105868233213316
>>END_MODULE
>>Per base GC content	fail
#Base	%GC
1	49.00780663987506
2	64.11817512199613
3	66.48242565141331
4	64.80791042706201
5	41.88108279858813
6	70.52843890986097
7	66.7421277967038
8	40.12130558880398
9	64.14671761347942
10	53.115128817049225
11	64.0627589540558
12	45.463271471730685
13	51.684467360279896
14	64.54470122456496
15	47.325234785010586
16	54.39363885066434
17	45.61114773962473
18	53.980532733850474
19	44.533828127075786
20	37.89163998286798
21	53.513396770546166
22	37.49025915500769
23	36.158986985578615
24	36.51866174163935
25	30.998889592014617
26	52.96298013977432
27	43.58678664772854
28	67.13548676536564
29	61.30737193716834
30	59.397448692232445
31	22.421006663191854
32	0.15475964879034804
>>END_MODULE
>>Per sequence GC content	fail
#GC Content	Count
0	1.0
1	1.0
2	1.0
3	1.0
4	1.0
5	1.0
6	1.0
7	1.5
8	3.0
9	13.5
10	34.0
11	49.5
12	55.5
13	66.5
14	88.5
15	137.5
16	223.0
17	378.5
18	651.5
19	1032.0
20	1639.5
21	2422.0
22	3155.0
23	4319.0
24	5607.0
25	6698.0
26	8240.5
27	9494.5
28	14226.5
29	20256.5
30	25530.0
31	33446.0
32	39904.0
33	46124.0
34	60785.5
35	76022.5
36	84250.0
37	112929.5
38	143892.5
39	156125.0
40	174273.5
41	182294.0
42	183220.5
43	200235.5
44	215214.5
45	228668.0
46	232620.0
47	236547.5
48	250574.0
49	253856.0
50	269285.0
51	284714.0
52	275112.0
53	263562.5
54	255662.5
55	242366.0
56	236551.0
57	286000.0
58	326769.5
59	312667.0
60	292231.0
61	267879.5
62	265154.0
63	212311.5
64	152939.5
65	147885.0
66	142208.0
67	137940.5
68	114542.0
69	89679.0
70	78190.5
71	71967.0
72	70552.0
73	69825.0
74	69057.0
75	68801.0
76	67135.5
77	63991.0
78	60559.0
79	54191.0
80	48327.5
81	44732.5
82	40312.0
83	35084.0
84	29395.0
85	25028.5
86	21946.0
87	20082.0
88	18654.0
89	16495.0
90	12819.0
91	8592.0
92	5612.5
93	3831.0
94	2890.0
95	2697.5
96	2692.0
97	1403.5
98	61.0
99	7.0
100	7.0
>>END_MODULE
>>Per base N content	pass
#Base	N-Count
1	0.037346929380351716
2	0.0
3	0.0
4	1.726360371973115E-4
5	0.027851947334499586
6	0.0
7	0.0
8	0.0
9	0.0
10	0.003625356781143541
11	0.0
12	5.754534573243716E-4
13	0.0
14	0.0
15	0.0
16	0.0
17	0.0
18	0.0
19	0.0
20	0.0
21	0.0
22	0.0
23	3.382114701037971E-4
24	0.0
25	0.0
26	7.134932271655411E-4
27	0.003116679578624921
28	5.60786446913151E-4
29	0.0
30	0.00395229578981691
31	0.030981988198679044
32	0.0
>>END_MODULE
>>Sequence Length Distribution	warn
#Length	Count
15	216777.0
16	118008.0
17	147226.0
18	126659.0
19	148470.0
20	114777.0
21	144653.0
22	129844.0
23	158455.0
24	97879.0
25	54701.0
26	55713.0
27	46277.0
28	36418.0
29	40696.0
30	30198.0
31	39347.0
32	31662.0
>>END_MODULE
>>Sequence Duplication Levels	fail
#Total Duplicate Percentage	89.23883657716779
#Duplication Level	Relative count
1	100.0
2	18.810522244887125
3	7.644476124756395
4	4.61125476784482
5	3.0347379675900297
6	2.1968105677432073
7	1.7532019442948898
8	1.402864877571603
9	1.1253251234141939
10++	11.081874227476435
>>END_MODULE
>>Overrepresented sequences	fail
#Sequence	Count	Percentage	Possible Source
CGCGACCTCAGATCA	101532	5.842694042905809	No Hit
CGCGACCTCAGATCAGACGTA	39903	2.29623193076144	No Hit
TACCTGGTTGATCCTGCCA	32698	1.8816177147592303	No Hit
TGGACGGTGTGAGGCCA	31916	1.8366172543964645	No Hit
TCAGTGCACTACAGAACTTTGTA	20510	1.1802550409722863	No Hit
CGCGACCTCAGATCAGACGTGGCA	15225	0.8761278887763558	No Hit
CGCGACCTCAGATCAGACGA	14491	0.8338896050087469	No Hit
CGCGACCTCAGATCAGAA	11297	0.6500897707393426	No Hit
TACCTGGTTGATCCTGCA	10696	0.6155050179541478	No Hit
GCATTGGTGGTTCAGTGGTAGAATTCTCGCA	9290	0.5345962618543412	No Hit
CGCGACCTCAGATCAGACGTGGCGACCCGCTA	8980	0.5167572046772857	No Hit
CGACTCTTAGCGGTGGATCA	8711	0.5012775066752602	No Hit
AGAAGACGGTCGAACTTGACTATCTA	8261	0.4753821010956634	No Hit
TGGAAGTCGGAATCCA	8059	0.4637579412577111	No Hit
TGGACGGTGTGAGGCTA	7980	0.45921185894484856	No Hit
CGACTCTTAGCGGTGGATA	7152	0.4115643126783906	No Hit
TACCTGGTTGATCCTGCTA	6280	0.36138477119970536	No Hit
TGGACGGTGTGAGGCCGA	6268	0.36069422705091614	No Hit
GCATTGGTGGTTCAGTGGTAGAATTCTCA	6256	0.36000368290212686	No Hit
GAGAAGACGGTCGAACTTGACTATCTA	5918	0.3405533560445631	No Hit
TTCAAGTAATCCAGGATAGGCTA	5719	0.3291018322438081	No Hit
CGCGACCTCAGATCAGACA	5604	0.32248411748457784	No Hit
CGCGACCTCAGATCAGACGTGA	5545	0.31908894208636407	No Hit
CGACTCTTAGCGGTGA	5529	0.31816821655464506	No Hit
TGAGATGAAGCACTGTAGCTCTA	5504	0.31672958291133413	No Hit
TGAGATGAAGCACTGTAGCTCA	5434	0.3127014087100635	No Hit
GCATTGGTGGTTCAGTGGTAGAATTCTCGCCA	5427	0.3122985912899365	No Hit
TCGGAGGTTCGAAGACGATCA	4988	0.2870361845133966	No Hit
TACCCTGTAGAACCGAATTTGTA	4891	0.28145428597735017	No Hit
CGCGACCTCAGATCAGACGCA	4772	0.2746063898351901	No Hit
AACCCGTAGATCCGATCTTGTA	4704	0.2706933063253844	No Hit
CGCGACCTCAGATCAGACGTGGCGACCCGCA	4697	0.2702904889052573	No Hit
TACCTGGTTGATCCA	4284	0.2465242611177608	No Hit
TACCCTGTAGATCCGAATTTGTA	4183	0.24071218119878462	No Hit
TCGGAGGTTCGAAGACGAA	3838	0.22085903692109382	No Hit
TCCCTGGTGGTCTAGTGGTTAGGATTCGGA	3679	0.21170932694963632	No Hit
CGCGACCTCAGATTA	3670	0.2111914188380444	No Hit
TCCCTGTGGTCTAGTGGTTAGGATTCGGA	3550	0.20428597735015191	No Hit
TAGCTTATCAGACTGATGTTGA	3428	0.19726544517079456	No Hit
CGACTCTTAGCGGTGGATCACTA	3393	0.19525135807015928	No Hit
CGCGACCTCAGATCAGACGTGGA	3347	0.1926042721664672	No Hit
GCATTTGTGGTTCAGTGGTAGAATTCTCGCA	3330	0.19162600128901575	No Hit
TAATACTGCCTGGTAATGATGA	3188	0.18345456219500966	No Hit
TGGACGGTGTGAGGCAA	3147	0.18109520301997975	No Hit
TGAAACTGCGAATGGCA	3105	0.17867829849921738	No Hit
TACCTGGTTGATCCTGA	3014	0.1734416720375656	No Hit
CTCTCGGCGCCCCCTCGATGCTCTA	2972	0.17102476751680323	No Hit
TGAGGTAGTAGATTGTATAGTTA	2926	0.16837768161311115	No Hit
GCATTGGTGGTTCAGTGGTAGAATTCTCGA	2903	0.16705413866126506	No Hit
GTGGACGGTGTGAGGCCA	2899	0.16682395727833532	No Hit
TAGCTTATCAGACTGATGTTGAA	2841	0.163486327225854	No Hit
TACCTGGTTGATCCTGCAA	2764	0.1590553356044563	No Hit
TCGGAGGTTCGAAGACGA	2745	0.15796197403554	No Hit
ACGGCCCTGGCGGAGCA	2623	0.15094144185618266	No Hit
GGCGTGAAACCGTTAAGAGGTA	2619	0.15071126047325292	No Hit
TACCTGGTTGATCCTA	2581	0.14852453733542031	No Hit
TACCTGGTTGATCCTGCCAGTA	2469	0.14207945861338733	No Hit
GACTCTTAGCGGTGGATCACTCGGCA	2439	0.14035309824141423	No Hit
TGGAAGTCGGAATCCGA	2428	0.13972009943835742	No Hit
CGCGACCTCAGATCAA	2425	0.13954746340116012	No Hit
TACCTGGTTGATCCTGCCAA	2315	0.13321747537059203	No Hit
TCCCTGTGGTCTAGTGGTTAGGATTCGGCA	2295	0.13206656845594328	No Hit
TCCCTGGTGGTCTAGTGGTTAGGATTCGGCA	2249	0.12941948255225116	No Hit
CGACTCTTAGCGGTGGATCACTCA	2200	0.12659976061136174	No Hit
GACTCTTAGCGGTGGATCACTCA	2163	0.12447058281926159	No Hit
CGACTCTTAGCGGTGGATCACTCGGCA	2155	0.12401022005340209	No Hit
TCGGAGGTTCGAAGACGATA	2131	0.12262913175582357	No Hit
TCAGTGCACTACAGAACTTTGCA	2073	0.11929150170334223	No Hit
CTCCTACTTGGATAACTGTGGTAA	2018	0.11612650768805818	No Hit
TGATCCTTCGATGTCGGCTA	2008	0.11555105423073381	No Hit
GACTCTTAGCGGTGGATCACTCGGCTA	1993	0.11468787404474727	No Hit
GCATTTGTGGTTCAGTGGTAGAATTCTCA	1961	0.11284642298130926	No Hit
CGCGACCTCAGATCAGACGTGGCGACCCA	1938	0.11152288002946323	No Hit
CGACTCTTAGCGGTGGAA	1931	0.11112006260933616	No Hit
GCATTTGTGGTTCAGTGGTAGAATTCTCGCCA	1873	0.10778243255685481	No Hit
CGCGACCTCAGATCAGACGTGGTA	1847	0.10628625356781145	No Hit
CTCTCGGCGCCCCCTCGATGCTCTTA	1842	0.10599852683914925	No Hit
CGACTCTTAGCGGTGGATCACTCGGCTA	1839	0.10582589080195194	No Hit
TGGAAGTCGGAATCCGCTAAGGAGTGA	1838	0.10576834545621949	No Hit
GGCGTGAAACCGTTAAGAGGA	1837	0.10571080011048707	No Hit
CGGCCCTGGCGGAGCA	1825	0.10502025596169783	No Hit
TCCCTGTGGTCTAGTGGTTAGGATTCGGCGA	1818	0.10461743854157075	No Hit
GCATTGGTGGTTCAGTGGTAGAATTCTA	1812	0.10427216646717613	No Hit
CGATACGACTCTTAGCGGTGA	1811	0.10421462112144368	No Hit
CGCGACCTCAGATCAGA	1805	0.10386934904704906	No Hit
CGGGGTCGGGGCACGCCGGCCA	1769	0.10179771660068133	No Hit
>>END_MODULE
>>Kmer Content	fail
#Sequence	Count	Obs/Exp Overall	Obs/Exp Max	Max Obs/Exp Position
TCAGA	424575	15.64623	164.65129	8
GATCA	321430	11.8451805	155.01996	11
ACCTC	271335	11.516961	182.2615	5
CCTCA	270460	11.47982	181.8613	6
AGATC	277480	10.225557	154.69603	10
CGACC	312130	9.932583	137.61032	3
CTCAG	273105	9.827576	154.3675	7
CAGAT	262260	9.664677	157.96046	9
GACCT	267365	9.621022	154.24222	4
GCGAC	309035	8.337177	117.04687	2
CGCGA	281605	7.597168	116.502396	1
TGGTT	190035	7.238966	50.369118	5
GTGGT	209905	5.9946027	47.98036	15
ACTCT	122915	5.89966	36.79365	3
ATCAG	157620	5.808535	98.96789	12
TCTTA	97795	5.307974	40.624428	5
CTCTT	97380	5.161113	39.879597	4
AGACG	185315	5.1198883	84.84668	15
CAGAC	144440	4.7070923	95.65303	14
ATCCT	92210	4.425885	57.82316	11
TGATC	108220	4.4036655	52.604	9
TTGAT	95570	4.3976274	59.170143	8
CGGTG	172560	4.358005	24.266193	5
GACTC	119995	4.317972	27.90105	2
GATCC	118365	4.2593174	52.440895	10
CCTGG	142180	4.235468	47.50231	3
GAATT	99675	4.153666	173.0688	21
CTGGT	119480	4.0248356	52.32347	4
TGGAT	115075	3.969835	28.25138	14
TACCT	81445	3.9091878	63.528465	1
CTTAG	94170	3.8319461	30.676718	6
TGGTA	110640	3.8168373	51.68204	16
TCAGT	92665	3.770705	38.786617	12
AACTT	75970	3.7342448	37.049812	15
AATTC	72720	3.5744934	237.84097	22
TGTGA	103160	3.5587935	32.798782	8
ACCTG	98725	3.5525804	47.77649	2
GAACT	96230	3.5462208	26.410852	14
GTTGA	101715	3.5089443	44.92868	7
GGTTC	103290	3.4794545	28.274378	9
GTAGA	110050	3.438191	61.746876	18
TTAGC	82885	3.3727388	30.487547	7
TTTGT	66170	3.362091	73.87321	18
GACGT	109080	3.327718	87.2505	16
ATTCT	60945	3.3078835	307.13922	23
ACGGT	108390	3.3066688	29.165834	4
TCCTG	82820	3.2908149	52.831093	12
GTTCA	77000	3.1332676	33.51123	10
GTGGA	120805	3.1244314	21.58919	13
CCCTG	88515	3.1102483	21.930037	2
TGGAC	101850	3.1071515	31.182272	1
CAGTG	100825	3.0758822	31.317286	13
GGTGG	143200	3.0660217	20.080965	6
CGACT	84990	3.0583313	27.881699	1
TAGAA	80875	3.0521657	91.243805	19
TCGGA	99140	3.0244772	36.933914	26
TTCTC	55655	2.9496994	348.67752	24
GGTGT	100020	2.8564358	27.516315	6
ACTGT	69750	2.8382525	17.794731	12
AACTG	76885	2.8333282	10.545372	14
CTGTA	69595	2.831945	18.415836	13
TGAGG	108640	2.8098028	25.367912	10
AGTGG	108605	2.8088975	39.26847	14
GTCGG	108120	2.7305715	12.884949	6
GACGG	118390	2.7077656	22.283655	3
GAGGC	117680	2.691527	22.243027	11
CCTGC	76355	2.682969	47.7109	13
TTCAG	65215	2.6537151	33.231297	11
TCGAA	71285	2.6269598	12.447201	9
TTGTA	56765	2.612026	74.396454	19
TTGGT	68415	2.6061192	25.571169	4
GCGGT	103140	2.6048017	22.279947	10
ACTTG	63835	2.5975606	12.962973	14
GGTTG	89820	2.5651376	37.022346	6
GTGTG	89575	2.5581408	27.480106	7
TAGCG	83850	2.5580232	23.140802	8
AGGCC	94480	2.5488908	23.092134	12
AGAAT	67155	2.5343828	122.432755	20
CTGCC	72095	2.5332808	36.24509	14
AGCGG	106505	2.435937	17.952116	9
CTTTG	54060	2.4290378	40.93663	17
TTCGA	59455	2.4193304	13.658329	8
TGTGG	84670	2.4180605	9.986258	5
GGTAG	93155	2.4093075	42.63204	17
ACTTT	44315	2.4052646	43.841534	16
CCTGT	58485	2.3238747	13.699433	3
GCATT	56245	2.2887094	36.36789	1
AGAAC	68555	2.287931	20.29234	13
AAGAC	68435	2.2839262	11.333697	12
GGACG	99735	2.2810965	23.320108	2
TGGTG	79480	2.2698412	25.941092	5
TCTCG	56335	2.2384455	250.4109	25
CGTGG	86530	2.1853158	46.948532	18
ACGTG	71550	2.1827857	53.79186	17
CATTG	53370	2.171721	29.025656	2
GTGAG	83685	2.1643808	25.378843	9
TGTAG	62680	2.1623225	16.882217	14
CTGTG	64095	2.1591215	9.6539755	16
TGCCA	59765	2.1506195	41.124794	15
CCCGC	69090	2.1468577	152.87122	26
GGATC	70030	2.1364145	21.197447	15
ATAAC	47890	2.131837	8.909541	12
TGGCG	83995	2.1212945	40.37444	20
TTGGA	61145	2.1093683	6.817528	8
AATCC	48460	2.1064637	15.335447	11
GAAGA	73325	2.0746298	9.159267	11
TGGAA	66330	2.072287	13.9017	1
TCGGC	69415	2.0678365	41.217224	26
GAGGT	78730	2.036228	8.969515	4
AAGTC	54405	2.0049064	15.229079	4
TCCGA	55450	1.9953464	9.270542	11
CCCCC	54420	1.9946283	5.771746	10
TGACT	48830	1.98698	18.350153	17
TAACT	40220	1.9769819	11.735615	13
GCACT	54840	1.9733955	16.439869	6
CGAAC	60190	1.9615054	7.5803113	11
GGATA	62230	1.9441946	10.39123	14
GTGGC	76940	1.9431204	49.800743	19
GTAAT	46170	1.9240005	12.236842	13
GATAA	50945	1.9226285	7.8246484	11
CAGAA	57420	1.9163154	18.480959	12
TGAAA	50715	1.9139485	6.1731944	1
TCACT	39360	1.8891969	31.85912	18
CACTA	42795	1.8602172	19.597902	7
ATTTG	39875	1.8348371	26.053387	17
ACGTA	49320	1.8175164	54.30833	17
GGATT	52420	1.808375	48.019836	22
ACCCG	56725	1.8050997	121.700745	25
GGCCA	66180	1.7854106	20.029713	13
AATTT	31895	1.7728552	29.95125	16
ATCCG	48760	1.7546095	9.912702	10
GGAAT	56105	1.7528372	13.264597	9
TACTT	32210	1.7482473	9.150018	5
CTACT	36385	1.7464031	8.124064	4
TGATG	50440	1.7400693	13.23248	17
CGAAT	46730	1.7220707	17.331312	14
GACGA	62315	1.7216405	13.851965	16
ATCAC	39455	1.7150335	24.722157	17
GGTTA	49505	1.7078139	17.65892	17
TCCCT	36400	1.7060232	21.93726	1
TCCTA	35360	1.6972053	8.160585	2
CGGAG	74040	1.6934115	7.580002	2
ATTGG	48990	1.6900475	20.818775	3
CGGAA	59705	1.6495316	11.6297455	8
GGCGA	71965	1.6459527	47.259037	21
AGTCG	53935	1.6454022	12.712908	5
GATGA	52465	1.6391157	13.565843	18
CTCGC	46645	1.6390163	245.48854	26
CGGCG	72720	1.624095	17.128271	27
GGTCG	64280	1.623392	5.9771824	8
TAGCT	39845	1.6213644	25.891062	16
GACCC	50890	1.6194186	109.24984	24
TTGAC	39575	1.6103776	16.181152	16
AGGAT	51425	1.6066241	37.066093	21
ACTGA	43415	1.5999084	8.408478	12
GAAAC	47360	1.5805764	6.172288	20
CCTAC	37185	1.5783373	7.320646	3
GTAGT	45540	1.57103	10.111835	5
GAATC	42020	1.5485004	15.126027	10
TCTAG	38000	1.5462881	9.9535675	11
TAGTG	44685	1.5415344	11.290247	13
GCTCT	38620	1.5345479	17.48832	18
GACTA	41590	1.5326542	20.185995	18
CACTC	35980	1.5271907	25.737316	19
CCGCC	49065	1.5246142	14.822563	27
AGGTT	44145	1.5229056	10.703903	5
TACAG	41165	1.5169924	16.808083	10
CTTGA	37105	1.5098689	14.716508	15
CTACA	34655	1.5063869	19.675283	9
CGGTC	50460	1.5031769	6.614681	7
CTCTA	31080	1.4917743	22.973106	19
TGAGA	47740	1.4914969	13.238456	1
CTTGG	43920	1.479501	6.4833865	7
CGCTA	41080	1.4782476	372.4641	28
TGGCA	48120	1.4680033	34.080593	20
GGAGG	75700	1.4678329	7.0671763	3
ATCTA	29820	1.4657782	47.92817	22
AGACT	39580	1.4585828	9.787063	10
TCTCA	30300	1.4543359	97.259926	25
ACCCT	34125	1.4484541	13.467835	2
TAGAT	34685	1.4453965	9.566675	7
CCGAA	44015	1.4343857	12.730884	13
GGTAA	45740	1.4290127	11.46071	20
ACTGC	39510	1.4217519	13.136632	5
CCGCT	40365	1.4183493	142.18391	27
AAGCA	42075	1.4041966	12.787347	8
TTGTG	36700	1.398006	9.411803	18
ATGAA	36960	1.3948444	12.178692	5
GTCTA	34155	1.3898278	9.589378	10
ACTAC	31765	1.3807641	19.634867	8
CTAGT	33850	1.3774172	10.47628	12
ATCCA	31680	1.3770691	7.774585	9
GATTC	33765	1.3739582	65.44515	23
GGTCT	40640	1.3690099	8.359877	9
AAACT	30670	1.3652837	8.604357	21
GGCTA	44640	1.3618385	11.136907	19
CTCGG	45610	1.358698	21.63812	21
ACTAT	27600	1.356656	26.97125	19
CTCTC	28720	1.346071	7.389059	1
TTCGG	39795	1.3405452	63.284664	25
TAATT	23925	1.3298498	14.857847	22
TAGGA	42500	1.3277884	29.155367	20
CTATC	27485	1.319222	35.98021	20
CCCTC	31525	1.306618	6.8694773	12
TGGTC	38450	1.295237	8.23744	8
TTGAA	31015	1.29246	7.9222426	19
GCTCA	35670	1.2835706	12.793531	18
GAGAA	45310	1.281984	5.092368	1
CGATC	35460	1.276014	7.0818515	16
TGCAC	33855	1.2182586	16.331041	5
CTGAT	29755	1.2107843	9.084293	13
GTCTG	35875	1.2084948	5.4299335	8
GTTCG	35800	1.2059685	10.483895	7
TCCGC	34310	1.205588	7.3070083	13
TTTGA	26175	1.2044355	7.626313	18
GAAGT	38545	1.2042261	12.900389	3
AGCTC	33315	1.1988269	22.426458	17
AGAAG	42260	1.1956884	6.4563956	1
CTGGA	39135	1.1938967	5.169665	28
TATCT	21980	1.1929983	44.480404	21
TGAAG	38030	1.1881365	10.293612	6
GATGT	33945	1.171028	10.556268	15
GTGCA	38300	1.1684232	14.466851	4
ATTCG	28550	1.1617507	71.35469	24
GTTAG	33485	1.155159	19.346807	18
AGTGC	37565	1.1460005	14.541648	3
CGAAG	41230	1.1391035	8.920807	10
TCGAT	27900	1.135301	8.286966	15
CGATG	37180	1.1342552	7.2522035	16
CTCCT	24150	1.1318808	8.332512	1
GACTG	37085	1.1313571	6.0363755	11
ACAGA	33730	1.1256934	15.785376	11
GTAGC	36835	1.1237303	17.710163	15
CACTG	31150	1.1209205	12.829118	11
GAACC	34105	1.111433	6.228116	10
CGGCT	37055	1.103849	18.154034	22
GATCT	27115	1.1033578	8.373803	14
TAGTA	26435	1.1016017	11.66599	6
GGAAG	46825	1.096762	9.970599	2
TTAGG	31770	1.0959953	23.241404	19
GTCGA	35550	1.0845286	6.5832925	9
CAGGA	39225	1.0837095	7.5401616	12
GAAGC	39080	1.0797035	10.975737	7
CTGCA	29855	1.0743204	13.025285	14
GGCTC	36000	1.0724212	12.711431	23
TACCC	24595	1.043948	13.620375	1
TTCAA	21230	1.0435437	12.792276	1
ATGAT	24965	1.0403438	15.421684	16
CCCCT	25075	1.0392846	5.9274416	11
AATGA	27320	1.0310376	12.789843	15
ACTCG	28470	1.0244818	23.47016	20
CAAGT	27670	1.0196813	8.0258	3
TCGCT	25500	1.0132308	23.856035	27
CGTGA	33150	1.0113115	8.339834	18
CTCGA	27975	1.0066694	57.11081	26
ATTGT	21725	0.99966997	5.5231204	12
TGTTG	26180	0.99726963	11.9994755	17
CCCGT	27890	0.9800014	6.713883	3
AGTAG	31295	0.97772104	8.825358	7
GCCGA	35960	0.97013247	5.3655033	14
TACTG	23785	0.9678541	9.361004	4
ACGAT	26190	0.96514106	8.645474	15
AGGCT	31050	0.9472466	9.067472	18
AGGTA	30255	0.9452291	8.888165	3
AAAGT	24975	0.94253904	5.4172654	20
TAATA	18465	0.9294981	11.972206	1
AGCAC	28465	0.92763335	12.536114	9
TAGTT	20115	0.9255862	9.333557	18
AAGTA	24415	0.92140496	8.267009	4
AATAC	20665	0.91990834	10.364783	2
GAGAT	29200	0.9122689	10.156019	2
GATTA	21805	0.90866	5.5466313	23
AATTA	17530	0.8824317	11.363943	23
CCTCG	24985	0.8779252	6.0186186	13
TTCTG	19455	0.8741571	5.6738486	1
TCGCC	24800	0.8714247	119.85931	27
AGATG	27650	0.8638436	10.163943	3
GCTAA	23415	0.862878	9.467416	16
TATCA	16945	0.8329179	8.583747	6
AACCG	25420	0.8284014	6.032298	11
ATGCT	20350	0.8280779	13.670715	18
TCGCA	23010	0.8280058	214.34454	27
TAATG	19850	0.82719105	13.085129	14
ATTCA	16600	0.81595975	19.146473	23
TCTTG	17970	0.8074327	11.570358	16
CCGAT	22290	0.8020969	6.29798	12
CGCCA	24675	0.78520644	279.53397	28
AGAAA	22775	0.7783962	5.7330728	19
TTCTT	12960	0.77672744	5.763467	1
ATCTT	14300	0.77615446	12.069943	15
CCTCT	16250	0.7616175	5.6569147	21
TTATC	14020	0.76095706	9.544653	5
AGGAG	32480	0.7607652	10.555494	20
AGATT	18135	0.7557234	7.3652973	10
AACTA	16940	0.75408894	12.248397	22
ATACT	15200	0.7471438	11.149835	3
CATTT	13750	0.74630237	10.246795	2
GCTTA	18140	0.738149	7.169545	3
GATGC	24135	0.7362897	8.015187	17
TGCTC	18445	0.7329036	14.594324	19
TAATC	14910	0.7328891	8.812258	7
CCCGA	22975	0.7311091	11.192342	26
CGTAG	23855	0.7277477	5.1609917	5
TCTCC	15330	0.71849823	6.663631	1
CTAAG	19130	0.7049694	9.925984	17
TGCTA	17210	0.7003056	7.874204	15
TTCTA	12665	0.6874123	27.99559	24
AGTAA	17985	0.6787413	8.203148	5
AGTGA	21545	0.6731106	8.642901	23
AGTTA	16040	0.6684204	13.845801	19
TCAAG	17930	0.6607476	8.595956	2
AACCA	16585	0.65288186	5.435276	26
CCGTA	17975	0.6468233	8.878614	27
AAGGA	22850	0.64650923	11.123369	19
TGTAT	13880	0.6386844	10.933442	14
TGCCT	15970	0.6345606	5.306537	7
ATGTT	13785	0.634313	13.621638	16
AGCTT	15465	0.62929845	7.2486715	2
CGGCA	23235	0.6268362	32.33904	27
ATGGA	19915	0.622186	5.225121	19
GACCA	19040	0.6204862	6.9591527	24
CAGTA	16780	0.6183683	6.7987823	18
TCGTA	15090	0.61403906	36.22779	27
CTTAT	11305	0.61359626	9.526353	4
CTCAA	14060	0.61116135	8.023304	26
ATAGG	19440	0.6073461	11.753822	16
CTTGT	13505	0.6068102	11.95002	17
CGGTA	19595	0.59778726	7.6525893	27
CCAGG	21815	0.58852726	5.0941057	11
TAAGG	18700	0.58422697	9.763587	18
TCCAG	16110	0.57971203	6.6246896	10
AGACA	17120	0.571357	6.7966127	15
CCAGT	15785	0.568017	5.099699	17
GGAGT	21915	0.5667971	13.278262	21
TATAG	13215	0.55069673	8.900729	16
GTATA	13070	0.54465425	8.356544	15
AACCC	14120	0.5427693	5.9951653	1
TAGGC	17680	0.5393661	9.7808075	17
GGCAA	19105	0.5278335	6.959401	28
CCGCA	16485	0.5245848	75.04769	27
GATAG	16400	0.51237017	10.291346	15
CTGCT	12810	0.50899947	6.507983	14
ACTCA	11545	0.50183916	8.112958	20
ACCGA	15100	0.49208733	5.968161	12
TGACA	13345	0.4917834	9.129017	20
AGTGT	14230	0.49090376	6.6174793	23
GAGTG	18285	0.47291276	10.011569	22
GCTCG	15780	0.4700779	7.814647	25
TCGTG	13880	0.46756545	5.5813174	26
ACCTA	10315	0.4483734	5.028072	25
TTGCA	10935	0.4449647	7.1594787	19
CTAAC	10160	0.44163585	5.78367	24
CTCGT	10915	0.43370253	28.354935	26
GAGTA	13725	0.42879754	7.1417675	22
GCGCA	15865	0.42800757	6.1017056	27
GGTCA	13955	0.42572704	5.588827	28
ACGCA	12730	0.41485244	5.885023	17
ACTAA	9270	0.4126567	5.547487	23
AAGTT	9850	0.41047013	5.8679748	21
ACCCA	10575	0.4065004	18.817926	25
ATAGT	9040	0.37671572	10.170576	17
TACCA	8565	0.3723042	7.8563614	25
TTACC	6815	0.3271056	6.7017603	24
GCCTA	8820	0.31738424	10.053235	28
CGCAA	8850	0.2884088	33.73129	28
TTTGC	6190	0.2781307	6.56757	18
GTTAC	4425	0.18006116	6.0533447	23
>>END_MODULE
