##FastQC	0.10.1
>>Basic Statistics	pass
#Measure	Value	
Filename	20190110sample7-trimmed.fastq	
File type	Conventional base calls	
Encoding	Sanger / Illumina 1.9	
Total Sequences	3948950	
Filtered Sequences	0	
Sequence length	15-32	
%GC	54	
>>END_MODULE
>>Per base sequence quality	pass
#Base	Mean	Median	Lower Quartile	Upper Quartile	10th Percentile	90th Percentile
1	32.55772851011028	33.0	33.0	34.0	32.0	34.0
2	32.821096494004735	34.0	33.0	34.0	32.0	34.0
3	32.89834766203674	34.0	33.0	34.0	32.0	34.0
4	32.7921133465858	34.0	33.0	34.0	31.0	34.0
5	32.773927499715114	34.0	33.0	34.0	32.0	34.0
6	34.42562630572684	38.0	34.0	38.0	27.0	38.0
7	33.55953253396473	38.0	33.0	38.0	16.0	38.0
8	33.860559389204724	38.0	33.0	38.0	16.0	38.0
9	34.27743020296535	38.0	34.0	38.0	27.0	38.0
10	34.730533179706	38.0	34.0	38.0	28.0	38.0
11	35.37573962698945	38.0	35.0	38.0	29.0	38.0
12	35.02277288899581	38.0	35.0	38.0	28.0	38.0
13	34.28691525595411	38.0	34.0	38.0	26.0	38.0
14	34.72673951303511	38.0	34.0	38.0	27.0	38.0
15	34.896338773598046	38.0	34.0	38.0	28.0	38.0
16	35.53197335157895	38.0	36.0	38.0	29.0	38.0
17	35.11063216337647	38.0	35.0	38.0	28.0	38.0
18	35.106507077208185	38.0	35.0	38.0	28.0	38.0
19	35.32867796963764	38.0	36.0	38.0	29.0	38.0
20	34.53971762113112	38.0	34.0	38.0	27.0	38.0
21	35.19567155444084	38.0	35.0	38.0	28.0	38.0
22	35.2944016846862	38.0	36.0	38.0	28.0	38.0
23	35.367542137933235	38.0	36.0	38.0	29.0	38.0
24	35.78179913252447	38.0	36.0	38.0	29.0	38.0
25	35.584547183852116	38.0	36.0	38.0	29.0	38.0
26	34.69213490647342	38.0	34.0	38.0	27.0	38.0
27	35.028795492687934	38.0	35.0	38.0	28.0	38.0
28	35.20081400316635	38.0	35.0	38.0	28.0	38.0
29	35.492229484910645	38.0	36.0	38.0	29.0	38.0
30	35.30708336948035	38.0	36.0	38.0	28.0	38.0
31	34.808275414656066	38.0	35.0	38.0	27.0	38.0
32	35.015241588829525	38.0	35.0	38.0	27.0	38.0
>>END_MODULE
>>Per sequence quality scores	pass
#Quality	Count
16	4.0
17	27.0
18	109.0
19	316.0
20	733.0
21	1618.0
22	3275.0
23	6221.0
24	10965.0
25	18490.0
26	29951.0
27	46785.0
28	71288.0
29	105468.0
30	152683.0
31	215665.0
32	297305.0
33	401975.0
34	537916.0
35	713160.0
36	1044792.0
37	290204.0
>>END_MODULE
>>Per base sequence content	fail
#Base	G	A	T	C
1	23.757977753464623	15.987265985898372	32.29181862387552	27.962937636761488
2	32.88934223847888	18.106814138091885	17.666435883813072	31.337407739616165
3	22.844560707335322	26.863117750363706	14.021583198380311	36.270738343920655
4	31.85774844767683	16.411347912847056	23.458135388916464	28.27276825055965
5	25.301609699322224	24.39949027707574	28.722765226604864	21.576134796997174
6	37.11821832389972	13.38657791781395	19.70195660932719	29.793247148959146
7	35.163119310196386	15.038934400283619	20.99702452550678	28.80092176401322
8	27.643491525835767	15.656995895611587	37.03747128346211	19.662041295090535
9	39.378239785259375	16.215702908368044	17.999949353625645	26.406107952746932
10	39.63116252733639	22.064306747012115	18.501965586784124	19.802565138867365
11	34.88328160226936	15.588578125470853	24.847092226311354	24.68104804594843
12	29.219792603097027	22.652755795844463	24.841565479431242	23.285886121627268
13	25.566061864546274	16.953975107307006	26.38519100013928	31.094772028007444
14	27.546259132174377	24.03871915319262	20.031400752098662	28.383620962534344
15	37.163448511629674	27.024854708213574	17.99896174932577	17.812735030830982
16	30.751413687734047	21.920505535908763	28.023278110446842	19.30480266591035
17	32.44147063479721	27.878260601552	19.94830390578702	19.73196485786376
18	34.2809252529366	18.179741758995718	23.060352141458583	24.478980846609094
19	27.99622744484206	25.072962868334038	31.456845191435757	15.47396449538815
20	23.27631340338856	32.58189065874882	27.866391889334192	16.275404048528433
21	40.81133636190102	22.33604794991326	18.486825590721033	18.36579009746469
22	28.561753847629095	36.16958634990651	21.568897732176247	13.699762070288152
23	18.93224741582876	43.026622132778776	15.692891856157365	22.348238595235106
24	26.043608229294886	25.14008557528867	33.89816931403005	14.918136881386399
25	14.479735888437304	27.10633154411473	40.85968357691072	17.55424899053725
26	14.109342946967216	21.9701880242283	19.40345702390056	44.51701200490392
27	15.29949775783519	19.62088595270157	33.51969299854192	31.559923290921315
28	20.12318612492473	21.143618994656883	10.978967289132019	47.754227591286366
29	48.73165664800708	28.520195397703635	8.963459041114557	13.784688913174726
30	9.57454580321716	28.960381347225965	11.164748211293393	50.30032463826348
31	6.888491108720462	47.45790201216255	24.540556465688486	21.113050413428503
32	0.20347842639920358	99.48731668291579	0.2281736589331145	0.08103123175189524
>>END_MODULE
>>Per base GC content	fail
#Base	%GC
1	51.72091539022611
2	64.22674997809504
3	59.115299051255974
4	60.13051669823648
5	46.8777444963194
6	66.91146547285885
7	63.9640410742096
8	47.3055328209263
9	65.7843477380063
10	59.433727666203765
11	59.56432964821779
12	52.50567872472429
13	56.66083389255372
14	55.929880094708714
15	54.97618354246065
16	50.0562163536444
17	52.17343549266098
18	58.7599060995457
19	43.47019194023021
20	39.55171745191699
21	59.1771264593657
22	42.26151591791725
23	41.28048601106386
24	40.96174511068128
25	32.03398487897455
26	58.62635495187114
27	46.8594210487565
28	67.8774137162111
29	62.51634556118181
30	59.874870441480645
31	28.001541522148965
32	0.2845096581510988
>>END_MODULE
>>Per sequence GC content	fail
#GC Content	Count
0	0.0
1	0.0
2	0.5
3	3.0
4	5.0
5	5.0
6	7.0
7	11.0
8	24.0
9	52.5
10	86.0
11	118.0
12	152.0
13	208.5
14	280.5
15	424.0
16	639.0
17	996.5
18	1579.0
19	2482.0
20	4232.5
21	6439.5
22	8839.5
23	12961.0
24	17944.0
25	22128.0
26	26620.0
27	30408.0
28	41409.0
29	53123.5
30	62905.5
31	78892.5
32	90082.5
33	105657.5
34	138739.5
35	172737.5
36	196502.5
37	252786.5
38	316145.0
39	346533.5
40	403389.0
41	439559.5
42	445133.5
43	480556.5
44	504114.5
45	538282.5
46	551355.5
47	542418.5
48	548654.5
49	544110.0
50	531135.0
51	518160.0
52	479530.0
53	431665.5
54	407800.0
55	370543.5
56	338767.5
57	348275.5
58	355292.0
59	334964.0
60	316497.5
61	295723.5
62	288549.0
63	269145.0
64	289526.0
65	328218.0
66	343706.5
67	324016.0
68	278046.0
69	261745.5
70	238328.0
71	222526.0
72	218911.0
73	213027.5
74	212404.5
75	215220.0
76	208670.0
77	198078.0
78	190259.5
79	170805.5
80	147668.0
81	133602.0
82	119127.0
83	104962.5
84	86838.5
85	70438.0
86	60578.0
87	54668.5
88	49322.0
89	43791.0
90	35064.5
91	23004.5
92	14658.0
93	9739.0
94	6288.0
95	5135.0
96	5085.0
97	2684.5
98	150.0
99	16.0
100	16.0
>>END_MODULE
>>Per base N content	pass
#Base	N-Count
1	0.011901897972878866
2	0.001823269476696337
3	0.0011395434229352105
4	7.596956152901405E-4
5	0.0034945998303346462
6	0.0032666911457476036
7	0.0
8	1.519391230580281E-4
9	0.0
10	5.064637435267603E-5
11	2.5323187176338015E-5
12	0.0
13	0.0
14	0.0
15	0.0
16	0.0
17	0.0
18	0.0
19	0.0
20	3.30314042773026E-5
21	5.593752338013672E-4
22	0.0
23	0.0
24	0.0
25	0.0
26	0.0
27	0.0
28	0.0
29	0.0
30	0.0
31	0.0
32	0.0
>>END_MODULE
>>Sequence Length Distribution	warn
#Length	Count
15	204488.0
16	175527.0
17	180240.0
18	167536.0
19	193737.0
20	167088.0
21	190638.0
22	256253.0
23	366123.0
24	230512.0
25	169148.0
26	194377.0
27	172944.0
28	172240.0
29	232047.0
30	203989.0
31	283324.0
32	388739.0
>>END_MODULE
>>Sequence Duplication Levels	fail
#Total Duplicate Percentage	82.5929737938778
#Duplication Level	Relative count
1	100.0
2	14.603387251496807
3	7.818133703813966
4	5.436472495120903
5	4.245641890774371
6	3.3731930799510437
7	2.750487909761503
8	2.3047533988290168
9	1.9516390460123714
10++	22.909430716813866
>>END_MODULE
>>Overrepresented sequences	fail
#Sequence	Count	Percentage	Possible Source
CGCGACCTCAGATCAGACGTGGCGACCCGCTA	84003	2.127223692373922	No Hit
GCATTGGTGGTTCAGTGGTAGAATTCTCGCCA	52522	1.3300244368756253	No Hit
GCATTGGTGGTTCAGTGGTAGAATTCTCGCA	45837	1.1607389306018057	No Hit
CGCGACCTCAGATCA	44164	1.118373238455792	No Hit
TCAGTGCACTACAGAACTTTGTA	28182	0.7136580610035579	No Hit
AGAAGACGGTCGAACTTGACTATCTA	27563	0.6979830081414047	No Hit
TACCTGGTTGATCCTGCCA	26932	0.6820040770331354	No Hit
GCATTGGTGGTTCAGTGGTAGAATTCTCA	24541	0.6214563364945112	No Hit
CGCGACCTCAGATCAGACGTGGCGACCCGCA	22784	0.5769634966256854	No Hit
CGCGACCTCAGATCAGACGTA	21246	0.5380164347484774	No Hit
GCATTTGTGGTTCAGTGGTAGAATTCTCGCCA	19881	0.503450284252776	No Hit
TCCCTGGTGGTCTAGTGGTTAGGATTCGGA	19657	0.49777789032527636	No Hit
GAGAAGACGGTCGAACTTGACTATCTA	18242	0.46194558047075807	No Hit
GCATTTGTGGTTCAGTGGTAGAATTCTCGCA	17109	0.43325440939996707	No Hit
CGCGACCTCAGATCAGACGTGGCA	15612	0.39534559819698906	No Hit
GCATTGGTGGTTCAGTGGTAGAATTCTCGA	15372	0.38926803327466797	No Hit
TTCAAGTAATCCAGGATAGGCTA	14719	0.3727319920485192	No Hit
ACGGCCCTGGCGGAGCA	14415	0.3650337431469125	No Hit
TGAGATGAAGCACTGTAGCTCTA	13443	0.3404196052115119	No Hit
TCCCTGTGGTCTAGTGGTTAGGATTCGGA	13286	0.33644386482482685	No Hit
GCATTGGTGGTTCAGTGGTAGAATTCTCGCTA	12737	0.32254143506501726	No Hit
CTCTCGGCGCCCCCTCGATGCTCTA	12207	0.3091201458615581	No Hit
CGCGACCTCAGATCAGACGTGGCGACCCGCCA	12017	0.3043087402980539	No Hit
TTAAGCAGGAGGTGTCAGAAAAGTTACCA	11873	0.30066220134466126	No Hit
TACCCTGTAGATCCGAATTTGTA	11245	0.284759239797921	No Hit
TACCCTGTAGAACCGAATTTGTA	10637	0.26936274199470744	No Hit
TACCTGGTTGATCCTGCA	10392	0.26315856113650465	No Hit
TCCCTGGTGGTCTAGTGGTTAGGATTCGGCGA	10279	0.26029704098557843	No Hit
CGACTCTTAGCGGTGGATCA	9866	0.24983856468175086	No Hit
TGAGATGAAGCACTGTAGCTCA	9778	0.2476101242102331	No Hit
CGACTCTTAGCGGTGGATA	9677	0.24505248230542298	No Hit
AACCCGTAGATCCGATCTTGTA	9561	0.24211499259296776	No Hit
CGCGACCTCAGATCAGACGA	9535	0.24145658972638295	No Hit
CTCTCGGCGCCCCCTCGATGCTCTTA	8976	0.22730092809481	No Hit
GCATTTGTGGTTCAGTGGTAGAATTCTCA	8934	0.22623735423340383	No Hit
TGAGGTAGTAGATTGTATAGTTA	8886	0.2250218412489396	No Hit
GCATTGGTGGTTCAGTGGTAGAATTCTA	8700	0.22031172843414074	No Hit
CGGCCCTGGCGGAGCA	8388	0.21241089403512325	No Hit
TGGACGGTGTGAGGCCA	8323	0.2107648868686613	No Hit
TCCCTGGTGGTCTAGTGGTTAGGATTCGGCA	8284	0.20977728256878408	No Hit
GCATTGGTGGTTCAGTGGTAGAATTCTCGTA	8210	0.20790336671773507	No Hit
TAGCTTATCAGACTGATGTTGAA	7221	0.1828587346003368	No Hit
TACCTGGTTGATCCTGCTA	6827	0.17288139885285964	No Hit
TAATACTGCCGGGTAATGATGGAA	6731	0.17045037288393117	No Hit
TCCCTGTGGTCTAGTGGTTAGGATTCGGCGA	6674	0.1690069512148799	No Hit
TAGCTTATCAGACTGATGTTGA	6528	0.16530976588713456	No Hit
CGACTCTTAGCGGTGA	6450	0.16333455728738017	No Hit
TGGAAGTCGGAATCCGCTAAGGAGTGA	6409	0.16229630661315034	No Hit
CGCGACCTCAGATCAGACGTGGCGACCCA	6189	0.15672520543435597	No Hit
TGAGGTAGTAGTTTGTACAGTTA	6147	0.15566163157294977	No Hit
CGACTCTTAGCGGTGGATCACTA	5972	0.1512300738170906	No Hit
TAATACTGCCTGGTAATGATGA	5889	0.14912824928145457	No Hit
TGAGGTAGTAGGTTGTATGGTTA	5851	0.14816596816875371	No Hit
ACCCTGTAGATCCGAATTTGTGA	5790	0.1466212537509971	No Hit
CCCCGGGCCGCGGTTA	5753	0.1456842958254726	No Hit
TTAAGCAGGAGGTGTCAGAAAAGTTACCAA	5556	0.14069562795173401	No Hit
GCATTTGTGGTTCAGTGGTAGAATTCTCGA	5488	0.138973651223743	No Hit
TCCCTGTGGTCTAGTGGTTAGGATTCGGCA	5403	0.1368211803137543	No Hit
CGCGACCTCAGATCAGAA	5344	0.13532711227035035	No Hit
TCCCTGGTGGTCTAGTGGTTAGGATTCGA	5178	0.13112346319907822	No Hit
CCTCCGCGTCGGTGA	4936	0.12499525190240443	No Hit
AACCTCCGCGTCGGTGA	4874	0.12342521429747148	No Hit
CGCGACCTCAGATCAGACGTGGCGACCCGCAA	4771	0.12081692601830867	No Hit
GCATTGTGGTTCAGTGGTAGAATTCTCGCCA	4768	0.12074095645677965	No Hit
GCATTGGTGGTTCAGTGGTAGAATTCTCGCAA	4701	0.119044302915965	No Hit
CGACTCTTAGCGGTGGATCACTCGGCTA	4689	0.11874042466984895	No Hit
GCATTTGTGGTTCAGTGGTAGAATTCTCGCTA	4622	0.11704377112903429	No Hit
GGCTGGTCCGAAGGTAGTGAGTTATCTCAATA	4466	0.11309335392952558	No Hit
CGCGTCGCGGCGTGGGAAATGTGGCGTAA	4389	0.11114346851694755	No Hit
CCCCGGGCCGCGGTTTA	4239	0.10734499044049685	No Hit
CCCCGGGCCGCGGTTTTA	4205	0.10648400207650134	No Hit
TACCTGGTTGATCCTGCCAGTA	4205	0.10648400207650134	No Hit
TGGAAGTCGGAATCCGCTAAGGAGTA	4120	0.10433153116651261	No Hit
TACCTGGTTGATCCTGCCAA	4103	0.10390103698451487	No Hit
GCATTGTGGTTCAGTGGTAGAATTCTCGCA	4072	0.1031160181820484	No Hit
TACCTGGTTGATCCTA	4012	0.10159662695146811	No Hit
TGAGATGAAGCACTGTAGCTA	4003	0.10136871826688107	No Hit
CGCGACCTCAGATCAGACGTGA	3979	0.10076096177464897	No Hit
>>END_MODULE
>>Kmer Content	fail
#Sequence	Count	Obs/Exp Overall	Obs/Exp Max	Max Obs/Exp Position
TCAGA	658870	9.609482	92.53156	8
GTGGT	1034620	9.253794	85.45837	15
TGGTT	612680	6.9524627	70.28382	8
AATTC	367415	6.7986584	262.27048	22
GAATT	437915	6.7327924	202.43797	21
CGACC	523160	6.644423	110.96048	23
TAGAA	403270	6.4072037	159.08307	19
ATTCT	347820	6.228073	279.01282	23
GATCA	425920	6.211955	84.88896	11
ACCTC	377120	6.0767083	96.41526	5
GTAGA	489255	5.9289064	110.39886	18
AGAAT	368225	5.8504043	186.19264	20
TCAGT	406725	5.740291	92.3795	12
CCTCA	345930	5.574129	94.88227	6
TTCTC	336570	5.5322547	273.46298	24
GCGAC	522760	5.5165076	82.329765	22
GTTCA	386755	5.4584455	86.35616	10
AGATC	370615	5.4053426	84.64346	10
TGGTA	458140	5.372425	95.85696	16
TTCAG	362665	5.118453	86.14421	11
AGTGG	543735	5.0256634	83.78763	14
CAGTG	422315	4.6978974	75.741875	13
CTCAG	347155	4.6478415	79.02514	7
CAGAT	315800	4.605878	85.55634	9
GCATT	323000	4.558643	87.59169	1
AGACG	388135	4.461871	64.866905	15
GACCT	328150	4.393396	78.7756	4
TCTCG	336865	4.36432	209.65059	25
GGTTC	402715	4.335085	66.40505	9
GGTAG	459575	4.2477846	79.364	17
ATCAG	288960	4.2144217	74.13542	12
ACTCT	247230	4.199476	25.847305	3
CGCGA	377080	3.979196	61.800976	1
CCCTG	320030	3.9332018	36.923023	2
CAGAC	279550	3.8677166	75.4962	14
CATTG	268840	3.7942588	65.98425	2
CCCGC	309755	3.6113424	147.211	26
CTCTT	214695	3.528976	24.90053	4
TCTTA	195890	3.5076106	26.712177	5
GGTGG	492175	3.4697037	43.17572	6
AACTT	181525	3.3589444	21.094011	15
CTCGC	265895	3.267877	206.75426	26
TGGTG	365165	3.2660892	51.19152	5
TTTGT	225355	3.2444284	28.451572	18
ACCCG	254115	3.2274017	132.32402	25
CCTGG	309840	3.1639683	32.10682	3
TTGGT	275355	3.1246252	49.558174	4
GACTC	230480	3.085753	20.155811	2
ATTGG	256125	3.0034757	50.00259	3
GACCC	235430	2.9900923	121.83512	24
GAACT	203365	2.9660363	16.919012	14
CCCCC	202250	2.837918	10.553294	10
TGGCG	332875	2.8243265	53.73138	20
TGTGG	311820	2.7889636	15.439368	6
TGGAT	235670	2.763608	16.67427	14
GACGT	242050	2.6926017	62.6746	16
GCGTC	256790	2.622242	6.3329062	8
ACTTG	184980	2.6107051	18.458138	14
CGACT	193730	2.59373	20.554953	1
CGCTA	192400	2.5759234	317.06378	28
GGCGA	291645	2.5571456	62.471115	21
ATTTG	171275	2.5481925	23.393457	3
CTGGT	233890	2.517743	33.230877	4
ACGTG	225105	2.5041027	58.88461	17
CTGTA	177390	2.5035841	14.130873	13
CGTGG	294905	2.5021641	47.092014	18
CGGTG	293660	2.491601	14.8219	11
AAGAC	164235	2.4753306	14.391779	3
GATCC	181735	2.4331367	28.630795	10
CCGCG	249380	2.415745	7.586334	8
CTTAG	171010	2.4135404	21.178934	6
CCTGT	184405	2.3890948	18.911182	3
GAAGA	189610	2.3744762	12.051487	2
GGATT	199890	2.3440304	39.875374	22
TCCCT	148520	2.3158293	38.15595	1
CGGCG	286520	2.3061287	11.623294	27
GTGGC	271785	2.3059995	50.522976	19
CCCTC	155335	2.29766	12.2884655	12
AGGAT	189245	2.2933152	38.220783	21
CCTCC	153945	2.2770996	6.798345	1
TGATC	160530	2.2656314	23.753029	9
CGTCG	220830	2.2550318	5.1328135	9
TAGGA	183835	2.2277555	35.526306	20
TCGAA	152545	2.2248368	14.266494	10
GGTTA	188850	2.2145686	25.384775	17
TCTAG	153915	2.172271	21.232346	11
CAGAA	143385	2.1610818	14.573711	12
CTCTC	137955	2.1510923	12.017559	1
GTCGG	253490	2.1507733	8.392093	6
CTAGT	151515	2.1383986	20.787	12
TTGTG	188200	2.135623	18.292933	5
GTGGA	229780	2.1238232	14.005623	13
ATCCT	124820	2.1202064	26.192595	11
TGACT	150135	2.1189222	21.075903	17
TAGTG	180515	2.1168272	20.57076	13
TTGTA	142225	2.1159928	27.608433	19
GTCTA	149180	2.105444	20.987675	10
TTAGC	146975	2.0743237	21.142729	7
GACTA	142220	2.0742493	23.247389	18
TCTCA	121370	2.0616043	60.66673	25
TCGGC	200190	2.044264	21.869638	26
CGAAC	147590	2.0419824	13.250481	11
ACTGT	143725	2.028455	13.586942	12
GCCCT	164800	2.025409	9.317145	4
CCGCT	162375	1.9956056	133.56949	27
TGTAG	170000	1.9935219	12.126491	14
AATCC	113435	1.9911695	10.737416	11
AAGCA	130545	1.9675589	13.349931	8
CGCCA	154605	1.9635695	256.67798	28
CCGCC	168140	1.9602948	19.377558	27
CTTGA	138500	1.9547123	19.531391	15
TGGAA	161065	1.9518234	8.89259	1
CCCCT	131140	1.9397762	11.5541935	11
AGAAG	154780	1.9383019	12.123575	1
TTGAC	137190	1.9362236	20.050325	16
GATTC	136775	1.9303665	50.469814	23
GGCCC	193715	1.8765179	7.5577035	3
AATTT	95830	1.869274	22.341024	16
GAGGT	202035	1.86738	12.168853	2
TCCGA	138175	1.8499388	10.981637	11
TCCCC	124390	1.8399326	5.938734	2
GTAAT	119110	1.8312753	12.888338	13
TCGCC	148850	1.8293817	122.82537	27
TTGAT	122950	1.8292234	25.091898	8
AGAAC	119930	1.8075708	15.014847	13
TGGTC	167295	1.8008717	16.394032	8
CCCCG	153535	1.7900194	7.3341894	1
TGGAC	160795	1.7887084	7.465566	1
GCTCT	137990	1.787756	14.081277	20
ACGGT	159070	1.7695192	10.529641	6
ATCCG	131460	1.760036	11.571337	10
AGCGG	198715	1.7423347	13.443389	9
GTAGT	148560	1.7421038	14.850756	5
GCGGT	203365	1.72548	16.76657	10
ACTAT	93075	1.7222626	24.658028	19
GAAAA	104775	1.7202736	16.569902	18
TCACT	101245	1.7197587	18.287186	18
TTGGA	145900	1.7109112	5.904948	9
CTGGC	166545	1.7006941	7.6029863	7
TAGCG	152710	1.6987697	16.657877	8
CTGTG	157725	1.6978538	11.967065	4
ACCTG	126590	1.6948346	22.678156	2
GTTAG	144275	1.6918552	25.996176	18
TCTGA	119730	1.6898029	5.2026563	2
GGTGT	188620	1.687045	7.359756	11
TGAGA	137385	1.6648636	12.319395	1
GGTCT	154575	1.6639453	16.281195	9
CAGGA	144745	1.6639405	8.834148	12
GATGA	137050	1.660804	10.812659	4
CATTT	92365	1.6538897	27.897377	2
GAGAA	131250	1.643637	8.454815	1
AGTTA	106900	1.6435508	22.868683	22
CACTA	93540	1.6419448	14.130788	7
GTTGA	139855	1.6400238	20.124811	7
TTAGG	139735	1.6386164	28.185081	19
TCCGC	133220	1.6372876	8.049081	13
TCGGA	145005	1.6130579	23.397535	26
GGCGG	240550	1.6086924	5.684899	9
CTGGA	144515	1.607607	5.9835653	16
CTATC	94345	1.6025547	26.529222	20
AGAAA	97445	1.5999242	16.030415	17
ATTCG	113265	1.5985595	49.29019	24
GGATC	142705	1.5874724	13.448576	15
TACCT	93325	1.5852288	28.648844	1
CTCGA	118140	1.5817027	37.489506	26
GCACT	118135	1.5816357	11.734617	10
GACGG	179860	1.577014	8.437549	5
ACCCT	97820	1.5762187	14.569625	2
TCCTG	120470	1.5607725	20.321331	12
AAAAG	95040	1.560437	17.667408	19
GGCGC	193275	1.5556226	6.0033684	6
ATCTA	83955	1.5535059	29.531197	22
ATCAC	87950	1.5438213	17.978296	17
CGGTC	150125	1.5330194	9.725277	7
CCGGG	190100	1.5300677	5.6308255	9
CTCTA	89035	1.5123584	12.109119	21
TGATG	128935	1.5119691	10.574814	17
CCGAA	109235	1.5113217	13.716797	13
GGTCG	178055	1.5107336	8.416636	8
AAAGT	94270	1.4977733	19.528536	20
AGGAG	156615	1.4959142	9.3493595	20
GCCGC	153680	1.4886986	5.304576	7
GAGGC	168950	1.481355	5.3810673	8
TATCT	82495	1.4771574	26.043552	21
AACTG	100900	1.4716057	8.00748	15
CTCGG	143855	1.4689926	10.53599	21
CTGAG	131820	1.4663858	5.1530437	18
CTGCC	119215	1.4651645	13.9986105	14
CTACT	85560	1.4533316	7.071189	5
GGAAT	119740	1.4510374	8.452146	9
TAGAT	93380	1.4356854	11.679532	7
TCGCA	106945	1.4318198	127.41504	27
AGTAG	117875	1.4284369	15.074621	7
GGATA	117200	1.4202571	10.2378845	14
ACTTT	79245	1.4189627	19.350033	16
TCCTA	83210	1.4134144	6.9138465	3
GCGCC	145720	1.4115902	8.461155	7
TAACT	76155	1.4091746	9.045773	14
CACTC	87050	1.4026767	15.256225	19
ATAAC	73295	1.4015478	8.940453	13
TGTGA	117735	1.3806314	6.7490315	19
GTCGA	123585	1.3747787	10.386928	9
GAACC	98610	1.3643194	6.853937	10
TAGTA	87705	1.3484342	18.944754	6
CCTCT	85795	1.3377765	6.041114	21
AGCTC	98655	1.3208302	13.615602	17
ATGAA	82905	1.317205	13.636587	5
TGTCA	93225	1.315726	11.198288	13
TAGCT	92865	1.3106451	15.273876	16
GGACG	149175	1.3079677	5.782007	2
TAATT	66820	1.3034006	8.901827	23
CGAAT	89065	1.2989944	15.707572	14
CTTTG	94960	1.2969002	15.544037	17
AAGTA	80960	1.2863026	10.989428	4
GGTAA	105095	1.2735658	12.055206	12
GATAA	79955	1.270335	7.203506	12
GAATC	86940	1.2680018	9.386045	10
CTGAT	89590	1.2644235	7.3668795	13
TCGCT	97020	1.2569613	37.750675	27
CGCCC	107545	1.2538356	8.549969	8
CGGAG	142765	1.2517647	6.6430416	11
ACTGA	85025	1.2400719	7.7831645	12
CCTGC	100495	1.235094	19.039804	13
ACTGC	92040	1.2322661	10.863562	5
ACTAC	70100	1.2304931	14.215709	8
AATGA	77275	1.2277547	14.142296	15
GGAGG	167525	1.2204491	5.988785	8
TTCGA	86265	1.2174964	8.428239	25
AGGTA	99920	1.2108539	15.211526	3
ATGAT	78570	1.2079867	14.000757	16
TTCGG	112195	1.2077395	36.745396	25
AATAC	63055	1.2057382	14.255996	2
TCGAT	84850	1.1975257	11.678005	15
TGAGG	129270	1.1948237	11.537562	1
AAGTC	81870	1.1940569	9.421982	4
GGTTG	132180	1.1822373	15.234724	6
CCTCG	95105	1.1688503	9.430803	13
GACTG	104710	1.1648102	5.6957674	11
AGCAG	101195	1.1633042	8.286149	4
AGACT	79675	1.1620433	9.3713455	10
GCGGA	132150	1.1586922	6.3620133	10
ATGCT	82025	1.1576554	14.083464	18
TACTT	64525	1.1553861	7.318543	6
CGATG	103780	1.1544646	9.856575	16
AAGTT	74865	1.1510236	20.206758	21
TTAAG	74145	1.1399539	11.217115	1
CCCGT	92295	1.1343151	6.889186	3
CCTAC	69805	1.1248	6.5926433	4
CCCGG	115985	1.1235472	6.0911875	2
TACTG	79535	1.1225129	10.552896	4
TGAAG	91760	1.1119691	10.830556	6
GCCGG	137195	1.1042485	5.290104	8
CGGCC	113890	1.1032529	7.052029	2
TGCCA	81980	1.097579	15.81681	15
GAAGT	89640	1.0862786	7.8689995	3
GGAGC	123860	1.0860056	5.818043	12
GCCCC	91930	1.0717849	8.156313	9
CTACA	61030	1.0712838	14.152017	9
GAAGC	93085	1.0700743	10.512514	7
CGGCT	104640	1.0685439	9.877669	23
TACAG	73140	1.0667318	11.951222	10
CGAGG	121330	1.0638224	5.3147864	7
AGGTG	114685	1.0600168	6.6916537	10
GTCAG	94640	1.0527899	9.252985	14
GCTCA	78155	1.0463685	6.0042844	18
TTCTG	76590	1.046015	5.5266304	1
GGCTA	93915	1.044725	6.7580895	19
CTGCA	78010	1.0444272	5.2410035	14
CACTG	77715	1.0404776	11.796692	11
GGAAG	108920	1.0403535	6.653978	2
TTCAA	56125	1.0385387	13.248422	1
TACCA	58315	1.0236263	24.838287	25
TAATA	50320	1.0143301	15.324446	1
GCTAA	69535	1.0141535	9.940971	16
GTGTC	93285	1.0041801	8.1465	12
TGCAC	74835	1.0019192	10.752902	5
TACCC	62040	0.9996791	14.407236	1
CGGAA	86590	0.9954099	7.3795	8
ATCCA	56600	0.9935223	9.958959	9
ATTGT	66105	0.9834959	6.672062	3
TTGAA	63770	0.9804418	5.223996	19
ACTCG	73015	0.97755224	13.25068	20
CAAGT	66825	0.97462875	10.104296	3
GATCT	69040	0.9743923	7.1282372	14
TGCTC	74895	0.97031677	13.409157	19
AGTCG	86800	0.9655766	7.2591896	5
GGCTC	94320	0.96316	7.4993753	24
TGGCA	86405	0.9611826	8.067616	20
CGATC	71260	0.95405567	6.622565	13
GATGT	81180	0.9519655	7.9807615	15
ACAGA	62370	0.94003326	13.04459	11
TAAGC	64375	0.938896	10.510241	2
CTCCT	59655	0.9301831	6.496122	2
TAGTT	61665	0.91743845	7.5306687	18
GGCGT	107770	0.91439027	5.6661363	23
TATCA	49395	0.91400665	8.391065	6
TTACC	53355	0.906294	20.984709	24
AAGGA	71145	0.8909452	10.349604	19
CGGGT	104250	0.8845243	5.3653708	10
AATTA	43800	0.88290256	7.409272	22
TCTCC	56325	0.8782593	6.8709936	1
GTAGC	78695	0.8754153	12.029317	15
AGCAC	62915	0.87046105	12.265968	9
ATTCA	46950	0.8687643	10.733247	23
ATGGA	71180	0.8625759	5.2842636	19
ATCGA	58640	0.85525227	5.034954	6
AACCC	51345	0.8549765	7.7555957	1
GTGCA	76380	0.8496629	9.53771	4
GATGC	75505	0.8399293	10.08261	17
TGTAA	54520	0.83822626	5.393887	1
ATACT	45200	0.83638227	13.696176	3
AGATG	68855	0.834401	10.518466	3
CTCAA	47165	0.8279059	16.004906	26
GCAGG	94050	0.8246311	6.3747816	5
GAGAT	68035	0.8244641	10.497886	2
AGGTT	69225	0.81177396	6.3446283	10
CTAAG	55625	0.81127906	10.321754	17
TGTTG	71290	0.8089722	6.63365	17
TTATC	44990	0.80559194	8.19775	5
AGTAA	50390	0.80060256	10.918879	5
TAATC	43250	0.80029935	10.6139345	7
GTTAC	56350	0.7952927	19.984327	23
TAATG	51365	0.7897192	13.236478	14
CCAGG	74730	0.7886001	6.7539372	11
TTCTA	43865	0.78544766	17.652357	24
GTAGG	84945	0.78513426	5.146136	8
AGTGC	69240	0.77023643	9.588338	3
GGAGT	81825	0.7562965	9.293535	21
ACCAA	40090	0.72721773	10.173649	26
TGTAT	48760	0.7254407	12.38746	14
AGGCT	65145	0.72468305	6.6324506	18
TCAAG	49340	0.7196136	10.608743	2
GTATA	46040	0.7078492	8.809879	15
ATCTT	39360	0.704781	9.29965	15
TCGTA	49130	0.6933936	26.289885	27
TATAG	44965	0.6913215	9.044093	16
TAAGG	56545	0.68522555	8.965029	18
TCCAG	50855	0.6808658	7.873906	10
TCTTG	49430	0.6750819	7.5005646	16
CTTGT	49230	0.67235035	7.2181625	17
ACGGC	63130	0.6661893	7.4703317	1
ATAGG	54455	0.65989846	10.791555	16
CCGCA	51745	0.65719026	46.052963	27
GGCCA	62185	0.65621704	6.0884295	28
CCGAT	48680	0.6517461	6.101458	12
CAGTA	42960	0.6265627	5.786297	18
GCTTA	44075	0.6220501	6.4800873	3
CCGTA	46285	0.61968094	7.295211	27
AAACA	31250	0.6175196	6.7961273	4
CGGTA	55085	0.6127741	6.631167	27
AACAT	31915	0.61027896	6.6072807	5
AGATT	39220	0.602994	6.1706114	10
CGGCA	56270	0.5937981	15.239212	27
TGCTA	41960	0.59220016	6.1507607	28
CTCGT	44910	0.5818402	21.698175	26
AGTTT	38820	0.57755554	6.260603	10
GTTGT	50520	0.573282	5.8409295	12
ATGTT	38380	0.5710093	8.689211	16
CGTAG	51170	0.5692229	5.344037	5
AGCTT	39950	0.56383216	6.5257277	2
GATAG	46430	0.5626496	10.221851	15
AACCG	40525	0.5606839	5.7815714	11
ATCTC	32540	0.55272806	7.579867	24
ACGTA	37890	0.5526178	9.836813	17
TAGGC	48760	0.5424138	8.146564	17
TAAAC	28320	0.5415353	6.628651	3
ATAGT	34985	0.5378823	9.896838	17
CGTGA	48260	0.53685164	6.2347813	28
ACCGA	37465	0.5183473	6.02431	12
TAGGT	43870	0.514446	5.959317	9
GTAAA	32130	0.5104854	5.522135	2
CTTAT	28280	0.5063823	8.228496	4
GAGTG	53500	0.49449268	6.9332275	22
GCTCG	48365	0.49388495	5.554136	25
ACCCA	28685	0.47765124	10.831076	25
GGTCA	42610	0.47400022	6.0170236	28
AGTGT	39930	0.46824318	5.126428	23
ACATC	26485	0.46490175	6.001388	6
GGCAA	38280	0.44005418	5.0454416	28
CATCC	25970	0.41846654	5.5349007	7
CGCAA	30245	0.41845492	36.562668	28
GCGTA	32860	0.36553973	6.739868	24
GCCTA	24225	0.3243334	6.2485814	28
CAATA	15805	0.30222338	19.622225	28
TTACA	15280	0.28274158	5.349344	24
GTTAT	16985	0.25269914	5.0440197	21
CGTAA	16195	0.23620069	5.2867293	25
TCAAT	10685	0.19771557	10.931175	27
>>END_MODULE
