##FastQC	0.10.1
>>Basic Statistics	pass
#Measure	Value	
Filename	20190308sample7-trimmed.fastq	
File type	Conventional base calls	
Encoding	Sanger / Illumina 1.9	
Total Sequences	3090921	
Filtered Sequences	0	
Sequence length	15-32	
%GC	55	
>>END_MODULE
>>Per base sequence quality	pass
#Base	Mean	Median	Lower Quartile	Upper Quartile	10th Percentile	90th Percentile
1	33.03012176629555	34.0	33.0	34.0	32.0	34.0
2	33.27882433747094	34.0	33.0	34.0	32.0	34.0
3	33.26377283663995	34.0	33.0	34.0	32.0	34.0
4	33.14336374174558	34.0	33.0	34.0	32.0	34.0
5	33.342868355418986	34.0	33.0	34.0	33.0	34.0
6	34.524660449102385	38.0	35.0	38.0	26.0	38.0
7	34.07111569658364	38.0	34.0	38.0	16.0	38.0
8	34.264158158684744	38.0	34.0	38.0	26.0	38.0
9	34.71425765977196	38.0	35.0	38.0	27.0	38.0
10	35.10324657278527	38.0	35.0	38.0	28.0	38.0
11	35.2650155083226	38.0	36.0	38.0	29.0	38.0
12	35.22384913752244	38.0	36.0	38.0	29.0	38.0
13	35.04871881228928	38.0	35.0	38.0	28.0	38.0
14	35.285843281015595	38.0	36.0	38.0	28.0	38.0
15	35.15870997673509	38.0	36.0	38.0	28.0	38.0
16	35.250713566349106	38.0	36.0	38.0	28.0	38.0
17	35.25495016534679	38.0	36.0	38.0	28.0	38.0
18	35.32044118087605	38.0	36.0	38.0	28.0	38.0
19	34.88898179993391	38.0	35.0	38.0	27.0	38.0
20	35.410218307033965	38.0	36.0	38.0	29.0	38.0
21	34.98187730880834	38.0	36.0	38.0	27.0	38.0
22	35.284973300476885	38.0	36.0	38.0	28.0	38.0
23	35.482492574052756	38.0	36.0	38.0	29.0	38.0
24	35.53146545497525	38.0	36.0	38.0	29.0	38.0
25	35.412420823609914	38.0	36.0	38.0	29.0	38.0
26	34.760901655428306	38.0	35.0	38.0	27.0	38.0
27	35.27937668230062	38.0	36.0	38.0	28.0	38.0
28	34.998371342022175	38.0	35.0	38.0	27.0	38.0
29	35.198741152952614	38.0	36.0	38.0	28.0	38.0
30	34.82462298055285	38.0	35.0	38.0	27.0	38.0
31	34.87607562013949	38.0	35.0	38.0	27.0	38.0
32	34.452484579851	38.0	34.0	38.0	27.0	38.0
>>END_MODULE
>>Per sequence quality scores	pass
#Quality	Count
16	2.0
17	32.0
18	133.0
19	404.0
20	1032.0
21	2214.0
22	4336.0
23	7437.0
24	12167.0
25	19218.0
26	28724.0
27	41440.0
28	58902.0
29	81091.0
30	108062.0
31	143046.0
32	188830.0
33	249600.0
34	344838.0
35	488498.0
36	1037545.0
37	273370.0
>>END_MODULE
>>Per base sequence content	fail
#Base	G	A	T	C
1	17.00369190954935	17.038484604960498	34.40974920454189	31.548074280948263
2	34.974203481745405	20.756208262844634	18.404902616404627	25.86468563900533
3	24.78882507835043	21.123218613481225	14.04898410538477	40.038972202783576
4	34.52216106811055	16.53862479601516	17.10162941988718	31.837584715987106
5	25.68025251636153	26.28843794010438	23.00415898641372	25.027150557120372
6	34.22633577500039	13.619273996326662	18.41807021272947	33.73632001594346
7	31.640925148200168	15.060980206223324	20.912569425100155	32.38552522047636
8	28.666860136509477	17.29892158356684	31.88007716793797	22.154141111985716
9	32.339163634398936	17.692655360651404	19.577692215362347	30.390488789587312
10	36.101528866767225	22.713639831421524	18.22238744448823	22.962443857323024
11	38.33226892463663	17.07935959478705	17.19505337896379	27.39331810161253
12	32.22500386619034	24.074783444811185	19.292548637968643	24.407664051029833
13	28.69620414109581	16.51908929409713	25.26039973198927	29.524306832817793
14	28.3657848259467	16.645653512334995	22.313737555893535	32.67482410582477
15	30.5613116608286	31.837144980411985	18.19942987866723	19.40211348009218
16	29.81212041217429	28.320836354365746	21.055098206908024	20.811945026551935
17	23.55081496467022	32.372107226312984	21.57579849360859	22.50127931540821
18	26.863555703579177	23.639900824174372	23.808982566694333	25.68756090555212
19	27.074011970184692	30.49645667845734	24.65138367012227	17.778147681235694
20	25.20003120263885	28.387492199340286	28.4828831238299	17.92959347419096
21	31.644179696196357	26.310447228046428	20.33285831259048	21.71251476316673
22	22.98904345865344	36.65660767441077	25.932653070188927	14.421695796746862
23	15.732357559280635	48.070199031737495	15.442860154398616	20.754583254583256
24	21.143052254192547	36.19236476814582	25.83108986565459	16.83349311200704
25	13.775424264117571	34.631742957005095	32.68219845313794	18.91063432573939
26	13.738187299591043	35.25079271637478	18.850817690842845	32.16020229319134
27	14.968746342736939	32.030572468573794	24.47027826707998	28.530402921609287
28	18.67314395015586	32.744828910879995	11.145302702291726	37.436724436672414
29	36.618942136258035	42.08060943324869	8.32243773299476	12.978010697498515
30	8.384415148207239	39.989083886136534	10.015114619195566	41.61138634646066
31	5.714692519771671	56.011752980312465	23.012801428996728	15.260753070919138
32	0.12015700515340044	99.57010493711783	0.28570665669808554	0.024031401030680088
>>END_MODULE
>>Per base GC content	fail
#Base	%GC
1	48.55176619049762
2	60.838889120750736
3	64.827797281134
4	66.35974578409765
5	50.70740307348189
6	67.96265579094386
7	64.02645036867652
8	50.82100124849519
9	62.72965242398625
10	59.06397272409025
11	65.72558702624916
12	56.63266791722017
13	58.2205109739136
14	61.040608931771466
15	49.96342514092078
16	50.62406543872623
17	46.05209428007843
18	52.5511166091313
19	44.852159651420386
20	43.12962467682981
21	53.356694459363084
22	37.4107392554003
23	36.48694081386389
24	37.97654536619959
25	32.68605858985696
26	45.89838959278238
27	43.49914926434623
28	56.109868386828275
29	49.59695283375655
30	49.995801494667894
31	20.97544559069081
32	0.14418840618408052
>>END_MODULE
>>Per sequence GC content	fail
#GC Content	Count
0	3.0
1	3.0
2	3.5
3	2.5
4	1.0
5	1.0
6	1.5
7	3.5
8	10.0
9	40.0
10	87.0
11	115.5
12	133.0
13	185.0
14	253.5
15	350.0
16	515.0
17	819.0
18	1308.0
19	2045.0
20	3376.0
21	5052.0
22	6689.0
23	9260.5
24	12299.5
25	15109.0
26	18634.5
27	21490.5
28	31031.0
29	41754.5
30	51174.5
31	65887.0
32	76716.5
33	90771.5
34	120731.5
35	148644.5
36	165298.5
37	217778.5
38	274023.0
39	299816.0
40	338586.0
41	354641.5
42	351654.5
43	371144.0
44	380675.0
45	388224.0
46	386015.5
47	382776.0
48	392259.5
49	391129.0
50	404414.5
51	417700.0
52	401022.0
53	381801.0
54	367248.5
55	340755.0
56	324348.0
57	362232.5
58	395941.5
59	382080.5
60	365161.0
61	344744.0
62	339759.5
63	295211.0
64	245094.0
65	239638.5
66	242720.5
67	245584.0
68	231759.0
69	225449.0
70	223933.0
71	221125.0
72	222735.5
73	223447.0
74	229756.5
75	235341.0
76	229721.0
77	220366.5
78	213470.0
79	191271.0
80	165735.0
81	152106.0
82	136944.0
83	122162.5
84	100083.5
85	79760.0
86	69351.0
87	63633.5
88	59292.5
89	55120.0
90	43842.5
91	26648.5
92	15698.5
93	10313.0
94	7446.0
95	6826.0
96	6805.0
97	3524.0
98	133.0
99	23.0
100	23.0
>>END_MODULE
>>Per base N content	pass
#Base	N-Count
1	0.03856455729538218
2	0.0
3	0.0
4	1.6176408261485818E-4
5	0.024102848309613865
6	0.0
7	0.0
8	0.0
9	0.0
10	0.004367630230601171
11	9.70584495689149E-5
12	7.441147800283475E-4
13	0.0
14	0.0
15	0.0
16	0.0
17	0.0
18	0.0
19	0.0
20	0.0
21	0.0
22	0.0
23	4.543253132800198E-4
24	0.0
25	3.5092028845647714E-4
26	0.0013379000321096007
27	0.0024006073536604763
28	0.0
29	0.0
30	0.0016793739293991198
31	0.031055498764249945
32	0.0
>>END_MODULE
>>Sequence Length Distribution	warn
#Length	Count
15	325586.0
16	250318.0
17	245109.0
18	227333.0
19	247855.0
20	204614.0
21	224164.0
22	265409.0
23	339063.0
24	191540.0
25	121466.0
26	115215.0
27	83350.0
28	64809.0
29	65998.0
30	41811.0
31	39830.0
32	37451.0
>>END_MODULE
>>Sequence Duplication Levels	fail
#Total Duplicate Percentage	83.98386621247711
#Duplication Level	Relative count
1	100.0
2	21.387952640221243
3	9.263676432460462
4	6.083311727594849
5	4.534612393051595
6	3.6142079336271715
7	2.784547575836142
8	2.252182179586898
9	1.8684642641085472
10++	21.056952726644198
>>END_MODULE
>>Overrepresented sequences	fail
#Sequence	Count	Percentage	Possible Source
CGCGACCTCAGATCA	88203	2.853615475775667	No Hit
TACCTGGTTGATCCTGCCA	35369	1.1442867676009838	No Hit
CGCGACCTCAGATCAGACGTA	31059	1.0048461283869758	No Hit
TCAGTGCACTACAGAACTTTGTA	27363	0.8852701185180728	No Hit
ACGGCCCTGGCGGAGCA	17151	0.5548831561854864	No Hit
CGCGACCTCAGATCAGACGTGGCA	16252	0.525797974131335	No Hit
CGCGACCTCAGATCAGACGA	15951	0.5160597763579206	No Hit
AGAAGACGGTCGAACTTGACTATCTA	15528	0.5023745349687035	No Hit
TTCAAGTAATCCAGGATAGGCTA	15454	0.4999804265460036	No Hit
TACCTGGTTGATCCTGCA	13756	0.4450453440899978	No Hit
CGACTCTTAGCGGTGGATA	11640	0.3765867843273898	No Hit
CGACTCTTAGCGGTGGATCA	11257	0.36419565559909167	No Hit
TACCCTGTAGAACCGAATTTGTA	11161	0.3610897852128864	No Hit
TACCCTGTAGATCCGAATTTGTA	10850	0.3510280592742422	No Hit
CGGCCCTGGCGGAGCA	10731	0.3471780741080086	No Hit
TGGACGGTGTGAGGCCA	10727	0.3470486628419167	No Hit
CTCTCGGCGCCCCCTCGATGCTCTA	10543	0.3410957446016899	No Hit
CGCGACCTCAGATCAGACGTGGCGACCCGCTA	10513	0.3401251601060008	No Hit
TGAGATGAAGCACTGTAGCTCTA	10489	0.33934869250944943	No Hit
TGAGATGAAGCACTGTAGCTCA	10192	0.3297399060021269	No Hit
CGCGACCTCAGATCAGAA	10170	0.32902814403862146	No Hit
AACCCGTAGATCCGATCTTGTA	9511	0.3077076379499832	No Hit
CCCCGGGCCGCGGTTA	9171	0.2967076803321729	No Hit
GAGAAGACGGTCGAACTTGACTATCTA	8556	0.27681069817054527	No Hit
TACCTGGTTGATCCTGCTA	8401	0.2717960116094847	No Hit
CGACTCTTAGCGGTGA	8214	0.26574603491968896	No Hit
CCTCCGCGTCGGTGA	7451	0.24106083591266164	No Hit
AACCTCCGCGTCGGTGA	6892	0.22297561147632047	No Hit
TAGCTTATCAGACTGATGTTGAA	6880	0.22258737767804482	No Hit
TGAGGTAGTAGATTGTATAGTTA	6767	0.21893150941094905	No Hit
TAGCTTATCAGACTGATGTTGA	6484	0.20977566233494807	No Hit
TAATACTGCCTGGTAATGATGA	6385	0.20657273349917385	No Hit
CTCTCGGCGCCCCCTCGATGCTCTTA	6286	0.20336980466339966	No Hit
CCCCGGGCCGCGGTTTA	6261	0.2025609842503254	No Hit
CCCCGGGCCGCGGTTTTA	6032	0.19515218926656488	No Hit
CGACTCTTAGCGGTGGATCACTA	5789	0.1872904548514828	No Hit
GCATTGGTGGTTCAGTGGTAGAATTCTCA	5787	0.18722574921843682	No Hit
TACCTGGTTGATCCTA	5692	0.18415223164875452	No Hit
ACCTCCGCGTCGGTGA	5648	0.1827287077217438	No Hit
TACCTGGTTGATCCA	5623	0.18191988730866948	No Hit
TAATACTGCCGGGTAATGATGGAA	5428	0.17561108808669001	No Hit
ACCCTGTAGATCCGAATTTGTGA	5338	0.17269933459962258	No Hit
TACCTGGTTGATCCTGCCAA	5311	0.17182580855350232	No Hit
GCATTGGTGGTTCAGTGGTAGAATTCTCGCA	5123	0.16574347904718367	No Hit
CGCGACCTCAGATCAGACA	5108	0.1652581867993391	No Hit
CGCGACCTCAGATCAGACGTGA	5034	0.16286407837663922	No Hit
CGCGACCTCAGATCAGACGTGGCGACCCGCA	4783	0.1547435214293733	No Hit
CGCGACCTCAGATCAGACGCA	4764	0.15412881791543684	No Hit
TGAGGTAGTAGTTTGTACAGTTA	4557	0.14743178489518172	No Hit
TGAGATGAAGCACTGTAGCTA	4541	0.1469141398308142	No Hit
TAATACTGCCGGGTAATGATGA	4497	0.1454906159038034	No Hit
TACCTGGTTGATCCTGCCAGTA	4416	0.14287003776544271	No Hit
CGCGACCTCAGATTA	4347	0.14063769342535767	No Hit
TTCTGATCGAGGCCCAGCCA	4271	0.13817887936961185	No Hit
TGGAAGTCGGAATCCA	4132	0.1336818378729188	No Hit
TCCCTGGTGGTCTAGTGGTTAGGATTCGGA	4127	0.13352007379030392	No Hit
TGAGGTAGTAGGTTGTATGGTTA	4094	0.13245243084504588	No Hit
TCCGCGTCGGTGTTA	4022	0.13012302805539191	No Hit
TCCCTGTGGTCTAGTGGTTAGGATTCGGA	3940	0.12747009710050822	No Hit
TTAAGCAGGAGGTGTCAGAAAAGTTACCA	3728	0.12061129999763824	No Hit
CGACTCTTAGCGGTGGAA	3715	0.12019071338283961	No Hit
GCATTGGTGGTTCAGTGGTAGAATTCTCGCCA	3695	0.11954365705238018	No Hit
CCCCGGGCCGCGGTTTTCA	3618	0.11705249018011137	No Hit
TACCTGGTTGATCCTGCAA	3610	0.11679366764792759	No Hit
TGGAAGTCGGAATCCGCTAAGGAGTGA	3483	0.11268485994951019	No Hit
TAATACTGCCGGGTAATGATGGA	3454	0.11174662827034403	No Hit
AACCCGTAGATCCGATCTTGTGA	3438	0.11122898320597646	No Hit
CGATACGACTCTTAGCGGTGA	3331	0.1077672318380185	No Hit
TCAGTGCACTACAGAACTTTGCA	3301	0.10679664734232937	No Hit
TTCCCCCGCCGGGTCA	3296	0.1066348832597145	No Hit
ACCCTGTAGATCCGAATTTGTA	3157	0.10213784176302143	No Hit
>>END_MODULE
>>Kmer Content	fail
#Sequence	Count	Obs/Exp Overall	Obs/Exp Max	Max Obs/Exp Position
TCAGA	458225	10.047056	96.89292	8
GATCA	327805	7.1874633	87.485985	11
AGATC	308740	6.769444	87.09103	10
ACCTC	317730	6.5754895	85.81807	5
CCTCA	287165	5.9429417	83.80126	6
CAGAT	256330	5.6202993	89.424805	9
CTCAG	278675	5.2908487	77.04904	7
TGGTT	228430	5.164317	39.594894	5
CGACC	326920	5.069499	66.53009	23
GACCT	263325	4.999418	77.06279	4
ACTCT	195000	4.940926	28.810143	3
TCTTA	152815	4.740712	33.67976	5
GCGAC	328875	4.678556	59.513412	2
CGCGA	315745	4.491769	58.896603	1
CTCTT	165055	4.4337745	29.66724	4
GTGGT	228410	3.8692653	27.538364	15
ATCAG	176465	3.8691773	57.785988	12
TGATC	164415	3.8218415	40.201603	9
GAATT	141025	3.7858207	103.57127	21
TTGAT	130425	3.711897	48.71576	8
TTTGT	122850	3.7066483	71.1563	18
CCTGG	245735	3.706117	31.511168	3
GTAGA	184180	3.7047586	34.28137	18
AACTT	126320	3.6963968	31.63711	15
GATCC	192600	3.656652	40.323463	10
CTGTA	155950	3.6250718	20.912384	13
GACTC	187200	3.554129	21.767002	2
CGGTG	251870	3.4848652	18.652185	11
AGACG	212115	3.4848576	49.688766	15
GCGTC	229760	3.4651859	7.911784	8
TGGAT	161395	3.4417453	23.519562	14
TTGTA	120620	3.4328465	72.95008	19
CCCTG	205775	3.3828857	17.493704	2
ATCCT	132315	3.3526084	39.836514	11
CTGGT	175975	3.249428	37.532093	4
GAACT	145930	3.1996663	22.846003	14
CCGCG	259150	3.1922688	11.194648	8
GTCGG	229815	3.1797128	10.242128	6
CTTAG	136245	3.1670268	25.47021	6
TGTAG	146285	3.119525	20.74087	14
GTTGA	145755	3.1082222	37.0067	7
CGTCG	205830	3.104279	7.4824314	9
CCCCC	205380	3.0060174	9.011676	3
CGACT	158175	3.0030682	21.753801	1
CGCGT	199025	3.0016477	6.8810406	7
CAGAC	164330	2.9428833	51.9549	14
TGGTA	134465	2.8674634	28.890162	16
TACCT	111380	2.8221557	44.746807	1
GTGGA	173150	2.7667167	18.939653	13
CCTCC	153310	2.7473104	9.4036665	1
TTAGC	116650	2.7115397	25.379883	7
TAGAA	106480	2.696254	53.368855	19
ACTTG	115880	2.6936407	18.159954	14
AATTT	74295	2.661766	44.115883	16
ACTGT	111180	2.584389	19.07916	12
TCAGT	110390	2.5660255	20.376871	12
GTAAT	95490	2.5634317	20.493837	13
ACCTG	134810	2.5594664	33.608994	2
GCGGT	183770	2.542636	23.653008	10
CCCGC	185375	2.4890978	118.750656	26
CCTGT	122495	2.4655674	15.734668	4
TCCTG	121435	2.4442317	33.628773	12
GGTGT	144150	2.441901	6.64702	6
ATTTG	84725	2.4112744	37.793423	17
GGTGG	188615	2.3941052	13.812674	12
GATGA	118200	2.377579	18.425179	18
TGATG	107090	2.2836921	21.744915	17
GGTTG	134515	2.278684	29.262625	6
TGGAC	129350	2.2529485	10.551896	1
CCCTC	123705	2.2167897	11.046956	12
CCGGG	195315	2.2071981	7.6081395	3
CAGAA	106645	2.2056134	16.891273	12
AGAAC	106475	2.2020977	18.277777	13
CCCCG	163855	2.200141	10.153786	1
CGGCG	194480	2.197762	7.4789157	27
TAGAT	81770	2.195118	16.35942	7
GTTCA	94260	2.1910822	17.73756	10
TGGAA	108885	2.1902087	10.773564	20
TCTGA	94200	2.1896875	7.6794724	2
CAGTG	124845	2.1744828	16.458117	13
GAGGT	136040	2.1737466	13.144567	2
TCCGC	132170	2.1728392	5.9661717	13
TGTGA	101625	2.167151	15.38279	19
AATCC	90615	2.165722	12.953813	8
GGTAG	134620	2.1510563	23.530806	17
AATTC	73300	2.1449165	133.994	22
TCGGT	115690	2.1362486	5.398487	11
GAAGA	112515	2.134798	9.59155	2
TGGCG	153615	2.1254122	27.609577	20
AGTGG	132805	2.122055	23.876663	14
TCCCC	118115	2.1166172	7.2768674	2
GTAGT	99200	2.1154382	16.83798	5
TGACT	90980	2.1148381	24.523598	17
TCCGA	111170	2.1106439	12.602418	11
AGCGG	161695	2.1102552	15.253856	9
TCGAA	95900	2.1027064	11.528169	10
GCCCT	126455	2.0788858	9.183013	4
TAGCG	119250	2.077032	19.277605	8
TGAGA	102395	2.0596633	17.247852	1
TGTGG	121115	2.051688	6.596933	5
ATCCG	105820	2.0090702	13.104885	10
GGATA	99410	1.9996203	17.461088	14
CCGCC	148590	1.9951721	16.329243	27
AAGAC	96405	1.9938314	10.2647	3
CTCTC	90695	1.9898688	11.626464	1
GACGT	114035	1.9861999	47.666798	16
GCACT	104190	1.9781234	13.833024	10
CTGCC	120010	1.9729322	21.079126	14
CTGGA	113125	1.9703501	8.171307	16
AAGCA	94960	1.9639462	16.013983	8
GCTCT	96470	1.9417387	27.695784	20
GGCGG	187210	1.9408506	6.681306	9
GGCCC	156435	1.9270018	7.2544484	3
ACTTT	61915	1.9207616	34.389847	16
GACTA	87145	1.9107442	27.15201	18
ATTCT	61405	1.9049402	172.5699	23
CTTGA	81690	1.8988913	20.378805	15
TTGAC	81500	1.8944747	22.108278	16
ACCCG	121940	1.8909047	95.14409	25
TAGCT	81045	1.8838983	27.818008	16
ACCCT	90555	1.8740549	15.861653	2
GGTTC	101350	1.8714563	14.491131	9
AGAAT	73715	1.8665887	74.3414	20
CTCTA	72930	1.8479066	31.474667	21
TTGGA	86595	1.8466368	5.4655633	9
GAGGC	141430	1.84578	5.339092	11
CACTA	77215	1.8454585	15.311889	7
CCCCT	102905	1.8440545	9.927118	11
CTGGC	122105	1.8415587	8.258268	7
ACGGT	105230	1.8328391	8.62793	6
CTTTG	74305	1.8311352	30.754326	17
CGAAT	83045	1.8208472	22.977127	14
GCCGC	146810	1.808439	7.8917704	7
GGTTA	84735	1.806972	12.35212	17
ATGAA	71080	1.799866	17.389956	5
CCTGC	108470	1.7832175	28.466917	13
CGAAC	98405	1.7622737	9.252054	11
CGTGG	126945	1.7564069	28.408047	18
GGATC	100805	1.7557669	15.202947	15
AGGAT	86985	1.7496929	27.890797	21
GGCGC	154105	1.7414956	6.207937	6
TTCCC	78810	1.7291092	6.9436083	1
TTGTG	76370	1.7265637	16.014597	18
AACCT	72235	1.7264354	7.5982614	1
GGTCG	124115	1.7172512	7.521229	8
CAGGA	104405	1.7152797	11.80863	12
TAGTA	63400	1.7019749	20.5003	6
TGAGG	106255	1.6978198	12.4248495	1
ATGAT	63205	1.69674	26.274378	16
TCTGG	91675	1.6928048	5.788654	9
TCGGC	111315	1.6788265	16.981281	26
TTCAG	72120	1.6764357	17.507162	11
CTGAT	72080	1.675506	10.615497	13
TTCTC	62090	1.6678869	171.42062	24
CCGAA	92855	1.6628822	16.702562	13
TGGTG	97955	1.6593574	15.290743	5
CTCCA	80180	1.6593424	5.2078724	21
AGAAG	87295	1.6562876	9.956491	1
TTGGT	73100	1.6526359	13.606493	4
GGATT	77065	1.6434095	35.3005	22
TCGGA	94150	1.6398538	36.979946	26
TCTCG	81455	1.6395183	122.33206	25
TCTCA	64615	1.6372204	71.579636	25
AACTG	74460	1.6326123	7.797183	15
CTGTG	88065	1.6261452	7.3750844	17
GGTAA	80735	1.6239749	17.765905	12
CGGAG	124265	1.6217624	7.464586	11
GGACG	123325	1.6094943	7.80499	2
AAGTA	63130	1.5985585	15.355329	4
AGTAG	78975	1.5885727	15.602084	7
CTCCG	96215	1.5817487	5.203384	4
GGAAT	78615	1.5813314	8.310857	9
TAATA	46780	1.5808816	21.707203	1
CGGGC	139060	1.5714767	7.376114	4
TGCCA	82425	1.564899	26.75381	15
GACGG	119120	1.5546159	6.6585054	23
ACGTG	88995	1.5500668	34.145027	17
GGCGA	118660	1.5486122	35.151043	21
TTCAA	52765	1.544018	18.61568	1
GACGA	92750	1.5237986	9.290265	16
GAACC	85060	1.5232866	7.496017	10
TACTG	65240	1.5165097	14.594927	4
ACTAT	51695	1.5127076	31.270504	19
AATGA	59685	1.5113254	22.804846	15
GTGGC	108455	1.50058	30.879797	19
TGAAG	74495	1.498458	14.261413	6
TCGAT	64460	1.4983785	16.360115	15
GCCGG	132520	1.49757	7.1769295	8
CGGTC	98560	1.4864585	7.735916	7
GGTGA	92640	1.4802694	5.495677	12
TAACT	50540	1.4789097	9.592568	13
GAGAA	77915	1.4783163	6.1538424	1
AATAC	53400	1.4739289	17.36761	2
TCCTA	58150	1.4734097	5.3287106	3
ATCTA	50070	1.4651567	60.90793	22
CATTG	62830	1.4604888	14.754013	2
ACTGA	66545	1.4590677	9.871255	12
TCACT	57270	1.451112	18.849638	18
GACCC	92705	1.4375623	80.46128	24
GCGCC	116160	1.4308854	7.6493154	7
GATAA	56390	1.4278903	6.403235	12
GCGGA	109215	1.4253472	7.3347716	10
AGGTA	70225	1.4125675	15.632712	3
CCCGG	114330	1.408343	8.119363	2
CGGGT	101700	1.407118	8.310168	10
CGATG	80705	1.4056761	13.970299	16
GATCT	60345	1.4027249	10.698682	14
GTCGA	80450	1.4012345	8.745693	9
ACTGC	73715	1.3995333	12.934393	5
AGACT	63545	1.3932899	10.9002695	10
TACAG	63230	1.386383	14.306487	10
ATAAC	50185	1.3851897	7.4002333	13
CTCGG	91810	1.3846565	11.0125	21
CTCGA	72745	1.3811171	43.623886	26
TTCGA	59290	1.3782014	13.553451	25
AGTTA	51215	1.3748682	34.30012	22
GGGCC	121470	1.3726972	7.3741803	5
GAAAA	57120	1.3642998	12.640251	18
GTGTG	80295	1.3601971	6.977581	7
CTACT	53640	1.3591348	5.467851	5
ACTAC	56770	1.3568177	15.396786	8
GAATC	61880	1.356783	8.762816	10
GAAGC	82400	1.3537576	13.072129	7
ATCCA	56300	1.3455845	12.293605	9
AGCTC	70750	1.3432405	22.087845	17
TTCTG	54160	1.3346919	8.761529	1
GGAGC	102045	1.3317726	6.6621127	12
CGCTA	69855	1.3262483	352.9629	28
CAAGT	60205	1.3200567	13.316544	3
CACTG	69210	1.3140024	13.73949	11
GACTG	75120	1.3083996	6.979817	11
CTACA	54470	1.3018471	15.358425	9
CTATC	51350	1.3011106	38.604805	20
TAGGA	64620	1.2998236	22.656172	20
TTGAA	48205	1.2940646	11.524628	19
AGGAG	85815	1.2934042	12.862468	20
CGCGG	113475	1.282348	7.508187	9
GATGT	60070	1.2809916	12.786321	15
GCATT	55105	1.2809206	18.54665	1
ATGCT	54990	1.2782475	23.367908	18
TCCCT	58195	1.2768115	14.374975	1
CCTCT	58045	1.2735205	8.166109	21
TAATG	47305	1.2699041	22.340065	14
TATCT	40680	1.2619977	50.807602	21
AAGTC	57530	1.2614046	8.896222	4
TTTGA	44285	1.2603514	9.88141	18
AGAAA	52760	1.260162	11.897109	17
ATACT	42755	1.2511038	18.123158	3
CCTCG	75990	1.2492552	9.906064	13
GAGAT	61980	1.2467203	13.941632	2
CGGCC	101015	1.2443259	6.9317985	2
GGCTA	71105	1.2384684	15.57403	19
TAGTG	57875	1.2341833	8.00702	13
GTAGC	70605	1.2297598	19.655144	15
ATTGG	57410	1.2242671	11.592928	3
TACTT	39455	1.2239951	6.470332	6
GAGCA	74475	1.2235569	7.1138315	13
AAAAG	51180	1.2224239	14.381355	19
AAAGT	48195	1.2203789	20.334839	20
TGTCA	52360	1.2171129	7.822834	13
TAATC	41545	1.2156966	14.997134	7
ATCAC	50720	1.2122213	16.175312	17
TAGTT	42425	1.2074159	12.874128	18
CGATC	63530	1.2061635	8.274089	13
AGTAA	47590	1.2050594	15.259001	5
TGCAC	62925	1.1946771	12.247808	5
AGATG	58830	1.1833586	13.904242	3
TACCC	56715	1.1737291	15.80543	1
CCCGT	71105	1.1689469	7.603663	3
GGCCG	102895	1.1627864	7.3067117	6
CTGCA	61220	1.1623067	9.063628	14
GGTTT	51025	1.1535668	9.082668	12
CGGAA	70135	1.1522546	6.608969	8
CGCCC	85200	1.1440115	7.2526064	8
TGCTC	56805	1.1433654	23.966589	19
GCTCA	60120	1.1414222	12.062178	18
GGAAG	75715	1.1411768	6.5202527	2
ACAGA	54885	1.1351221	14.385144	11
TAATT	31665	1.1344616	11.585973	23
TGTCT	45745	1.1273168	5.1377788	7
GAAGT	55865	1.123718	8.113783	3
CTAGT	48300	1.1227378	7.0529394	20
TGGCA	64160	1.1175042	21.91438	20
GTGCA	64060	1.1157625	12.019068	4
AGCAC	61690	1.1047677	13.89675	9
TCTAG	47490	1.1039091	6.795905	11
AGGTT	51735	1.1032479	6.9355364	10
GTCTA	47225	1.0977494	6.4525213	10
TGTAA	40450	1.0858815	7.5019646	1
CACTC	52465	1.0857743	12.289159	19
GATCG	62000	1.0798825	5.6276193	5
CGGTT	58395	1.0782802	9.716029	11
GTGAG	67245	1.0744896	6.651868	9
ATCGA	48200	1.0568348	6.6160593	6
AGTGC	60140	1.0474861	12.044086	3
ATTGT	36745	1.0457631	7.202215	12
TGTTG	46080	1.041771	14.108824	17
TGGTC	55840	1.0311012	5.493839	8
AGTCG	59135	1.0299815	7.080146	5
TATCA	35040	1.0253463	10.473523	6
CTTGT	41545	1.0238141	14.274314	17
TTAAG	38100	1.0227957	7.744769	1
GTTTT	33585	1.0133315	8.246051	13
CCGCT	61445	1.0101391	133.59715	27
GTTTA	35350	1.0060613	7.9042573	20
AAGTT	37210	0.9989035	25.951265	21
TCAAG	45375	0.9948937	13.698182	2
GTGTA	46500	0.99161154	6.8697805	24
GGTCT	53430	0.98660004	5.5250373	9
TGTAT	34540	0.98300874	17.141136	14
ACGTA	44750	0.98118997	24.687567	17
AGGCT	56110	0.9772936	13.410174	18
GATGC	55980	0.9750294	15.111684	17
TCGCT	48215	0.9704669	20.488392	27
GCCCC	72110	0.9682473	6.745582	9
GTGTC	52080	0.9616718	5.611323	12
ATAGG	47660	0.9586752	20.48345	16
CTCGC	58195	0.9567101	113.50102	26
TGTTA	33530	0.9542641	6.692544	19
TCGCC	57855	0.9511207	65.721634	27
ATCTT	30545	0.9475841	15.371846	15
CCCGA	60995	0.94584006	6.598219	26
ATGGA	46315	0.9316207	10.418698	19
GATTC	39835	0.9259681	43.223633	23
GCTAA	42080	0.92264736	9.2176285	16
TCTTG	37160	0.9157524	13.795462	16
GATTA	33945	0.9112545	10.029882	23
CGGCT	60310	0.9095811	11.139527	23
AAGGA	47620	0.90351564	12.269735	19
TCCAG	47530	0.90239185	10.03676	10
GTCAG	51755	0.90144056	6.127541	14
GTTAG	42180	0.8994877	13.067265	18
CCAGG	63165	0.89858156	7.7293243	11
GATAG	44545	0.8960174	18.282753	15
ATTCA	30510	0.89278865	20.350037	23
ATGTT	31125	0.8858178	16.85134	16
AATTA	26205	0.8855708	13.689406	22
GGCTC	58420	0.8810766	8.369442	23
TTTTA	23125	0.878341	5.9276595	14
TTATC	27975	0.8678561	11.132223	5
GGGTA	54290	0.86748517	6.3857174	11
TTAGG	40405	0.86163586	15.847863	19
GTAGG	53650	0.8572588	5.646259	8
TTCTT	25990	0.8547814	6.077252	1
GCTTA	36680	0.8526299	8.378677	3
AGATT	31645	0.849511	8.374789	10
GATTG	39705	0.84670836	5.142914	11
GGCGT	60625	0.8388055	5.2671566	23
TCTCC	37945	0.83252186	5.3264003	1
GGCCA	57450	0.81728005	5.703199	28
CTCAA	34175	0.81679136	13.246615	26
AACCC	41795	0.81587404	7.3164897	1
CCGAT	42160	0.80043846	7.3799853	12
CTAAG	36375	0.79755944	10.042828	17
GGAGT	49860	0.7966994	15.717735	21
CGCCA	51300	0.7955012	165.53326	28
AGCTA	36250	0.7948187	6.884441	21
CGTAG	45335	0.78962046	6.8152466	5
TAGGC	44450	0.7742061	15.649446	17
TCGAG	43950	0.7654974	5.426297	7
ACGGC	53530	0.76151454	7.8067045	1
AGCTT	32720	0.76057935	8.527946	2
ACTCG	40005	0.7595241	12.652471	20
CTTAT	24155	0.74934983	11.129637	4
AGTTT	26110	0.74309087	7.16684	10
GTATA	27515	0.73864096	12.076371	15
CAGTA	33630	0.73737246	8.161952	18
AACAT	26595	0.7340663	7.4489017	5
CGTGA	41680	0.72595966	7.929488	28
CCGTA	38090	0.7231665	9.630991	27
TGCCT	35765	0.71987444	5.808236	7
AACTA	26080	0.71985143	7.3627067	22
GTTGT	31820	0.7193826	7.218297	12
TATAG	26765	0.7185073	13.000465	16
TTCTA	23155	0.71832734	29.52869	24
AGTGA	35605	0.71619034	12.015093	23
GAGTA	35465	0.71337426	9.157946	22
AACCG	39060	0.6995012	6.5381594	11
TAGCA	31865	0.698673	5.477402	21
TAAGG	34655	0.6970812	10.356711	18
ACAGT	31500	0.69066995	5.54534	17
TAAGC	31425	0.6890256	6.1006374	2
TCGTA	29550	0.6868924	27.019295	27
CGATA	30865	0.676747	5.6213512	1
TGACA	30825	0.67586994	9.528551	20
TTCGG	36560	0.67509073	39.12959	25
CGGTA	38620	0.6726623	9.12801	27
ATTCG	28785	0.6691099	46.432545	24
GTAAA	26400	0.66849273	6.8507404	2
AAACA	25640	0.66754746	7.0416303	4
GATGG	41745	0.667032	6.678215	18
TAGGT	31230	0.66597915	6.5320144	9
ACTGG	38205	0.665434	5.2985363	15
TACGA	30070	0.6593158	5.4818664	4
TGCTA	28245	0.65655756	6.16001	28
TACCA	27180	0.649609	38.263462	25
GTTTG	28700	0.6488461	5.784603	11
ACCGA	35950	0.6438061	7.238636	12
GATAC	29280	0.64199424	5.7282634	2
GGTCA	36455	0.6349535	6.509282	28
TAAAC	22975	0.6341483	7.4092784	3
GACCA	34980	0.626435	7.0947247	24
ATGGT	28670	0.6113872	5.6489854	17
ATAGT	22640	0.60777146	15.104233	17
TAGTC	26125	0.607278	7.22402	21
TTGCA	25340	0.58903056	7.5546303	19
CCAGT	30610	0.58115333	5.4814277	17
TTACC	22770	0.57694817	29.929502	24
ACCTA	24005	0.5737257	6.8496323	25
ACATC	23635	0.5648827	6.3799543	6
AGTCA	25550	0.56021017	6.578232	22
GAGTG	33740	0.5391223	12.591052	22
GTTAC	22975	0.53405595	29.101603	23
GTTAA	19700	0.52884704	7.8174086	23
CATTT	17000	0.52738345	5.7981057	2
ACCAA	22540	0.5081423	14.265862	26
ATACG	23165	0.5079165	5.281784	3
CAGTT	21475	0.4991883	5.1197853	18
AGTGT	23340	0.49772507	8.821131	23
TCGCA	25820	0.4902117	111.4899	27
TGCCG	32435	0.48917696	5.005667	7
ACTCA	20275	0.48457775	5.0745726	20
CGGCA	33965	0.48318404	16.583536	27
CCGCA	29395	0.45582375	62.51315	27
CATCC	21865	0.4525008	5.6677513	7
TATGG	19650	0.41903588	5.219469	16
ACTAG	18940	0.41527903	5.655011	19
GCTCG	26320	0.39695197	5.7063117	25
TCGTG	20530	0.37909228	5.197737	26
TTTGC	15250	0.37581334	6.5020375	18
CTCGT	18465	0.37166172	17.831718	26
ACCCA	18465	0.3604525	17.55524	25
GTATG	16460	0.3510092	5.1837907	15
GCGTA	19535	0.34025007	6.9910326	24
CGCAA	15400	0.275789	34.558914	28
TACTA	9060	0.26511523	5.5771055	25
TATCC	9985	0.25300077	5.9929624	21
TTACA	8270	0.2419981	10.830053	24
CAATA	8700	0.24013449	17.442305	28
CGTAA	10330	0.22649589	7.522027	25
TCAAT	3965	0.11602449	8.945704	27
>>END_MODULE
