##FastQC	0.10.1
>>Basic Statistics	pass
#Measure	Value	
Filename	20190110sample9-trimmed.fastq	
File type	Conventional base calls	
Encoding	Sanger / Illumina 1.9	
Total Sequences	3759571	
Filtered Sequences	0	
Sequence length	15-32	
%GC	52	
>>END_MODULE
>>Per base sequence quality	pass
#Base	Mean	Median	Lower Quartile	Upper Quartile	10th Percentile	90th Percentile
1	32.56202742280968	33.0	33.0	34.0	32.0	34.0
2	32.80588822501291	34.0	33.0	34.0	32.0	34.0
3	32.84999884295309	34.0	33.0	34.0	32.0	34.0
4	32.77429126887084	34.0	33.0	34.0	31.0	34.0
5	32.75960289086175	34.0	33.0	34.0	32.0	34.0
6	34.452263037458266	38.0	34.0	38.0	27.0	38.0
7	33.59352330358969	38.0	33.0	38.0	16.0	38.0
8	34.06133332765893	38.0	34.0	38.0	16.0	38.0
9	34.34005954402776	38.0	34.0	38.0	27.0	38.0
10	34.65653794010008	38.0	34.0	38.0	27.0	38.0
11	35.41399989520081	38.0	35.0	38.0	29.0	38.0
12	35.09037467306775	38.0	35.0	38.0	28.0	38.0
13	34.34340753240197	38.0	34.0	38.0	26.0	38.0
14	34.73208060174951	38.0	34.0	38.0	27.0	38.0
15	34.868951803277554	38.0	34.0	38.0	28.0	38.0
16	35.57508558268613	38.0	36.0	38.0	29.0	38.0
17	35.1037962310841	38.0	35.0	38.0	29.0	38.0
18	35.06915321626355	38.0	35.0	38.0	28.0	38.0
19	35.37629493808921	38.0	36.0	38.0	29.0	38.0
20	34.600568964397304	38.0	34.0	38.0	27.0	38.0
21	35.2114903756821	38.0	35.0	38.0	28.0	38.0
22	35.30476436935029	38.0	36.0	38.0	29.0	38.0
23	35.34408449422733	38.0	36.0	38.0	29.0	38.0
24	35.853686611052076	38.0	36.0	38.0	30.0	38.0
25	35.659930678899975	38.0	36.0	38.0	29.0	38.0
26	34.49960776462237	38.0	34.0	38.0	27.0	38.0
27	35.039424981155115	38.0	35.0	38.0	28.0	38.0
28	35.13414544637507	38.0	35.0	38.0	28.0	38.0
29	35.447113785731254	38.0	36.0	38.0	28.0	38.0
30	35.1385965652642	38.0	35.0	38.0	28.0	38.0
31	34.44455050495409	38.0	34.0	38.0	27.0	38.0
32	34.59313541638606	38.0	34.0	38.0	27.0	38.0
>>END_MODULE
>>Per sequence quality scores	pass
#Quality	Count
16	4.0
17	30.0
18	68.0
19	248.0
20	571.0
21	1265.0
22	2624.0
23	5146.0
24	9484.0
25	16618.0
26	27965.0
27	43762.0
28	67455.0
29	100641.0
30	145941.0
31	205638.0
32	282876.0
33	381695.0
34	508590.0
35	676459.0
36	989526.0
37	292965.0
>>END_MODULE
>>Per base sequence content	fail
#Base	G	A	T	C
1	24.268265043036347	13.676662903402578	36.81435261394338	25.2407194396177
2	32.163417432260296	18.379859454752108	18.430637470238736	31.026085642748864
3	19.72925403885955	32.14604237381232	12.032033714771945	36.09266987255618
4	30.732559002454284	16.87796428665475	27.236446305898028	25.153030404992943
5	22.978217783857875	26.90419830810043	31.400901676125958	18.716682231915737
6	39.189673374834115	12.360727521893512	21.05535734377955	27.39424175949282
7	38.29296344686411	14.504459022951574	21.3839462406319	25.818631289552417
8	24.886994935053675	16.58460045654206	40.95555178443469	17.572852823969576
9	41.15847260232617	17.02356465671216	16.841256622098637	24.976706118863028
10	41.33584425878492	23.46704543338733	16.460499472014085	18.736610835813668
11	33.86780935053743	16.196479916586206	26.99638522490604	22.939325507970327
12	25.324671352130334	25.544244276807117	27.567187852018222	21.563896519044327
13	21.678750048875255	15.95386814080649	27.05827340406658	35.309108406251674
14	25.519081831411082	25.78001585819233	19.9075639215219	28.79333838887469
15	40.11819433653467	26.81220809501935	17.396080563447267	15.673517004998708
16	29.955554912123226	21.569231214683917	30.892955381185395	17.58225849200746
17	34.86429506874224	28.89019934871818	18.831674264182915	17.413831318356667
18	36.982681924509315	17.42036859887987	22.606987948828724	22.98996152778209
19	25.87561433395646	24.11835539407827	35.63595499407023	14.370075277895033
20	23.043787192468248	35.00721810611213	28.419122082102145	13.529872619317482
21	44.03274353219549	20.94187240113437	17.399968683125426	17.625415383544723
22	26.625563555802746	39.877752526649516	22.280628605819658	11.216055311728086
23	16.310195323323235	48.07597695626953	13.385388812518345	22.228438907888894
24	25.449286606969668	23.09159077683848	39.39692446701156	12.062198149180292
25	11.39800132271914	26.223846989265624	47.00928336492671	15.368868323088527
26	11.718706867000963	19.545880618476016	17.770598424384723	50.9648140901383
27	12.573927327646997	16.58646896875937	40.098263568991186	30.741340134602446
28	18.44442780107849	16.41521869382864	8.39454763331336	56.74580587177951
29	58.72790694766849	21.32968814466287	6.87190301353193	13.070501894136719
30	8.045494203306761	22.486341237929892	8.925916366273677	60.542248192489666
31	6.029380882381016	46.93961073671751	21.335264695213912	25.69574368568756
32	0.2123942949856297	99.3748355239301	0.33092067228492744	0.08184950879934023
>>END_MODULE
>>Per base GC content	fail
#Base	%GC
1	49.50898448265405
2	63.189503075009156
3	55.82192391141574
4	55.88558940744722
5	41.69490001577361
6	66.58391513432693
7	64.11159473641652
8	42.45984775902325
9	66.1351787211892
10	60.07245509459859
11	56.80713485850776
12	46.888567871174665
13	56.987858455126926
14	54.31242022028577
15	55.79171134153338
16	47.53781340413069
17	52.2781263870989
18	59.97264345229141
19	40.245689611851496
20	36.57365981178573
21	61.658158915740216
22	37.841618867530826
23	38.53863423121213
24	37.51148475614996
25	26.766869645807667
26	62.68352095713926
27	43.315267462249444
28	75.190233672858
29	71.79840884180521
30	68.58774239579643
31	31.725124568068573
32	0.29424380378496995
>>END_MODULE
>>Per sequence GC content	fail
#GC Content	Count
0	1.0
1	1.0
2	2.0
3	4.0
4	5.0
5	4.0
6	4.5
7	8.5
8	19.5
9	42.0
10	68.5
11	91.0
12	105.0
13	141.0
14	196.5
15	292.5
16	455.0
17	712.5
18	1119.0
19	1721.5
20	2882.5
21	4381.0
22	5937.5
23	8552.0
24	12098.5
25	15304.0
26	18733.5
27	22427.0
28	35309.0
29	48197.0
30	57641.0
31	72869.5
32	82854.5
33	99843.0
34	137208.5
35	176371.0
36	203484.5
37	264696.0
38	333180.5
39	363565.5
40	412300.5
41	435787.5
42	435715.0
43	461500.5
44	491429.0
45	560147.0
46	592044.5
47	600652.5
48	633088.0
49	637142.0
50	605934.5
51	574727.0
52	506140.0
53	430548.0
54	405036.0
55	364299.5
56	327884.5
57	332605.0
58	334808.5
59	308160.0
60	291130.0
61	272854.5
62	264435.0
63	246479.5
64	268798.0
65	305447.5
66	320164.5
67	293305.0
68	236517.0
69	212677.0
70	179805.0
71	158623.0
72	153054.0
73	144140.0
74	135485.5
75	131519.0
76	124514.0
77	114271.0
78	104974.0
79	91732.0
80	78902.0
81	71034.5
82	63574.5
83	55595.0
84	46456.5
85	38878.5
86	33520.5
87	30236.0
88	27528.5
89	24638.0
90	19891.5
91	12996.5
92	8059.0
93	5353.5
94	3582.0
95	2977.0
96	2946.0
97	1534.5
98	67.5
99	12.0
100	12.0
>>END_MODULE
>>Per base N content	pass
#Base	N-Count
1	0.01125128372359506
2	0.0018619145641883077
3	8.511609436289406E-4
4	6.383707077217054E-4
5	0.0034046437745157625
6	0.003298248656562145
7	7.979633846521318E-5
8	1.3299389744202196E-4
9	0.0
10	2.6598779488404394E-5
11	2.6598779488404394E-5
12	0.0
13	0.0
14	0.0
15	0.0
16	0.0
17	0.0
18	0.0
19	0.0
20	0.0
21	5.567413372787736E-4
22	0.0
23	0.0
24	4.910636241674016E-5
25	0.0
26	0.0
27	0.0
28	0.0
29	0.0
30	0.0
31	0.0
32	0.0
>>END_MODULE
>>Sequence Length Distribution	warn
#Length	Count
15	167723.0
16	135894.0
17	139015.0
18	133003.0
19	166524.0
20	143546.0
21	180477.0
22	264442.0
23	392551.0
24	228000.0
25	160151.0
26	167737.0
27	145308.0
28	135445.0
29	180812.0
30	180847.0
31	355503.0
32	482593.0
>>END_MODULE
>>Sequence Duplication Levels	fail
#Total Duplicate Percentage	86.2526139690506
#Duplication Level	Relative count
1	100.0
2	15.910342956281502
3	8.226510660340901
4	5.564919954941251
5	4.300314917899342
6	3.2198916287751094
7	2.6056783890674975
8	2.170713457601197
9	1.8705958772889104
10++	20.579021370016196
>>END_MODULE
>>Overrepresented sequences	fail
#Sequence	Count	Percentage	Possible Source
GCATTGGTGGTTCAGTGGTAGAATTCTCGCCA	99820	2.6550901685325266	No Hit
CGCGACCTCAGATCAGACGTGGCGACCCGCTA	88068	2.3425013119847984	No Hit
GCATTGGTGGTTCAGTGGTAGAATTCTCGCA	83550	2.2223280262561875	No Hit
CGCGACCTCAGATCA	43585	1.1593078040021056	No Hit
GCATTTGTGGTTCAGTGGTAGAATTCTCGCCA	36843	0.9799788326912832	No Hit
GCATTTGTGGTTCAGTGGTAGAATTCTCGCA	31618	0.8410002098643702	No Hit
TACCTGGTTGATCCTGCCA	30513	0.8116085585296834	No Hit
CGCGACCTCAGATCAGACGTGGCGACCCGCA	29745	0.7911806958825887	No Hit
TCAGTGCACTACAGAACTTTGTA	27422	0.7293917311310253	No Hit
TGAGATGAAGCACTGTAGCTCTA	22620	0.6016643920277075	No Hit
CTCTCGGCGCCCCCTCGATGCTCTA	21202	0.56394732271315	No Hit
CGCGACCTCAGATCAGACGTA	20670	0.5497967720253188	No Hit
GCATTGGTGGTTCAGTGGTAGAATTCTCGCTA	20067	0.533757707993811	No Hit
CGCGACCTCAGATCAGACGTGGCA	18381	0.48891216577636115	No Hit
TCCCTGGTGGTCTAGTGGTTAGGATTCGGCGA	18301	0.48678426341728886	No Hit
TGAGATGAAGCACTGTAGCTCA	17786	0.4730858919807606	No Hit
CTCTCGGCGCCCCCTCGATGCTCTTA	17542	0.4665957897855899	No Hit
TTCAAGTAATCCAGGATAGGCTA	17456	0.4643082947495871	No Hit
AGAAGACGGTCGAACTTGACTATCTA	16463	0.4378957067176016	No Hit
TACCCTGTAGAACCGAATTTGTA	15533	0.41315884179338547	No Hit
TTAAGCAGGAGGTGTCAGAAAAGTTACCA	15459	0.4111905321112435	No Hit
GCATTGGTGGTTCAGTGGTAGAATTCTCGA	15317	0.4074135054238901	No Hit
TACCCTGTAGATCCGAATTTGTA	15108	0.4018543605108136	No Hit
TCCCTGTGGTCTAGTGGTTAGGATTCGGCGA	12658	0.33668735076422285	No Hit
TCCCTGGTGGTCTAGTGGTTAGGATTCGGCA	12361	0.32878751325616673	No Hit
CGCGACCTCAGATCAGACGTGGCGACCCGCCA	12326	0.3278565559740726	No Hit
GCATTGGTGGTTCAGTGGTAGAATTCTCGTA	12291	0.3269255986919784	No Hit
GAGAAGACGGTCGAACTTGACTATCTA	11991	0.31894596484545706	No Hit
TGAGGTAGTAGATTGTATAGTTA	11524	0.30652433482437225	No Hit
AACCCGTAGATCCGATCTTGTA	11413	0.30357187030115934	No Hit
GCATTGGTGGTTCAGTGGTAGAATTCTCA	10823	0.28787859040300073	No Hit
TGGACGGTGTGAGGCCA	10462	0.2782764310076868	No Hit
TGGAAGTCGGAATCCGCTAAGGAGTGA	10369	0.2758027445152652	No Hit
TAGCTTATCAGACTGATGTTGAA	10265	0.27303647144847115	No Hit
TACCTGGTTGATCCTGCA	9822	0.261253212135108	No Hit
CGACTCTTAGCGGTGGATCA	9722	0.2585933341862675	No Hit
TAGCTTATCAGACTGATGTTGA	9706	0.25816775371445305	No Hit
CGACTCTTAGCGGTGGATA	9513	0.25303418927319105	No Hit
TCCCTGTGGTCTAGTGGTTAGGATTCGGCA	8756	0.2328989132004689	No Hit
TCCCTGGTGGTCTAGTGGTTAGGATTCGGA	8512	0.2264088110052982	No Hit
TAATACTGCCTGGTAATGATGA	8487	0.2257438415180881	No Hit
CGCGACCTCAGATCAGACGA	8484	0.22566404517962288	No Hit
TGAGGTAGTAGTTTGTACAGTTA	8009	0.21302962492263078	No Hit
GCATTGTGGTTCAGTGGTAGAATTCTCGCCA	8008	0.2130030261431424	No Hit
GCATTGGTGGTTCAGTGGTAGAATTCTCGCAA	7896	0.21002396284044111	No Hit
GCATTTGTGGTTCAGTGGTAGAATTCTCGCTA	7607	0.20233691556829225	No Hit
TTAAGCAGGAGGTGTCAGAAAAGTTACCAA	7441	0.1979215181732171	No Hit
CGCGACCTCAGATCAGACGTGGCGACCCA	7120	0.1893833099574393	No Hit
GCATTGTGGTTCAGTGGTAGAATTCTCGCA	7029	0.1869628210239945	No Hit
CGACTCTTAGCGGTGA	6946	0.18475512232645694	No Hit
TAATACTGCCGGGTAATGATGGAA	6887	0.18318579433664106	No Hit
GCATGGGTGGTTCAGTGGTAGAATTCTCGCCA	6831	0.18169626268529043	No Hit
TGGAAGTCGGAATCCGCTAAGGAGTA	6672	0.17746705674663413	No Hit
TACCTGGTTGATCCTGCTA	6593	0.17536575316705016	No Hit
TGAGATGAAGCACTGTAGCTA	6419	0.1707375655360678	No Hit
TGAGGTAGTAGGTTGTATGGTTA	6403	0.17031198506425332	No Hit
TGGAAGTCGGAATCCGCTAAGGAGTGTGA	6040	0.16065662810996253	No Hit
ACGGCCCTGGCGGAGCA	5994	0.15943308425349595	No Hit
TCCCTGTGGTCTAGTGGTTAGGATTCGGA	5940	0.1579967501611221	No Hit
CGACTCTTAGCGGTGGATCACTA	5935	0.15786375626368007	No Hit
CTCTCGGCGCCCCCTCGATGCTCA	5837	0.15525707587381646	No Hit
TGGAAGTCGGAATCCA	5615	0.14935214682739067	No Hit
ACCCTGTAGATCCGAATTTGTGA	5594	0.14879357245813418	No Hit
TAATACTGCCGGGTAATGATGA	5578	0.14836799198631972	No Hit
GCATTTGTGGTTCAGTGGTAGAATTCTCGA	5366	0.14272905073477798	No Hit
GCATGGGTGGTTCAGTGGTAGAATTCTCGCA	5286	0.14060114837570564	No Hit
CGACTCTTAGCGGTGGATCACTCGGCTA	5051	0.1343504351959306	No Hit
TTTAAGCAGGAGGTGTCAGAAAAGTTACCA	5019	0.13349927425230165	No Hit
TACCTGGTTGATCCTGCCAA	5019	0.13349927425230165	No Hit
CGCGACCTCAGATCAGAA	4954	0.13177035358555536	No Hit
TGAGGTAGTAGTTTGTGCTGTTA	4760	0.12661019036480492	No Hit
CGCGACCTCAGATCAGACGTGGCGACCCGCAA	4755	0.1264771964673629	No Hit
TTCTGATCGAGGCCCAGCCA	4721	0.12557283796475716	No Hit
GCATTTGTGGTTCAGTGGTAGAATTCTCGTA	4717	0.12546644284680353	No Hit
CGCGACCTCAGATCAGACGTGA	4583	0.12190220639535734	No Hit
GACTCTTAGCGGTGGATCACTCGGCTCA	4567	0.12147662592354286	No Hit
TGGAAGTCGGAATCCGCTAAGGAGTGTA	4493	0.11950831624140096	No Hit
TAGCTTATCAGACTGATGTTGACA	4466	0.11879014919521404	No Hit
TTAAGCAGGAGGTGTCAGAAAAGTTACA	4384	0.11660904927716487	No Hit
GGCTGGTCCGAAGGTAGTGAGTTATCTCAATA	4350	0.11570469077455912	No Hit
TAATACTGCCTGGTAATGATGAA	4318	0.11485352983093017	No Hit
TACCTGGTTGATCCTA	4214	0.11208725676413611	No Hit
TCTGATCGAGGCCCAGCCCGTGGACGGTA	4209	0.1119542628666941	No Hit
AACCCGTAGATCCGATCTTGTGA	4092	0.1088422056665508	No Hit
CGCGACCTCAGATCAGACGTGGCGACCCGTA	4021	0.10695369232287406	No Hit
TTAAGCAGGAGGTGTCAGAAAAGTTAA	3997	0.10631532161515236	No Hit
CGACTCTTAGCGGTGGATCACTCGGCA	3913	0.10408102413812641	No Hit
TGAGGTAGTAGGTTGTATAGTTA	3865	0.10280428272268298	No Hit
GCATTTGTGGTTCAGTGGTAGAATTCTCA	3829	0.10184672666110042	No Hit
GACTCTTAGCGGTGGATCACTCGGCTA	3801	0.10110196083542511	No Hit
>>END_MODULE
>>Kmer Content	fail
#Sequence	Count	Obs/Exp Overall	Obs/Exp Max	Max Obs/Exp Position
GTGGT	1233330	10.998172	107.73435	15
TCAGA	710985	10.285856	101.30258	8
AATTC	498375	8.620021	339.25827	22
GAATT	573430	8.051577	253.8775	21
CGACC	542160	7.9333916	134.55898	23
ATTCT	479200	7.896985	357.0644	23
TTCTC	481980	7.7973213	384.62195	24
TGGTT	725875	7.7388263	94.084274	8
TAGAA	524865	7.734918	199.43066	19
GTAGA	624515	7.3345137	143.74384	18
TCAGT	520150	7.1697	126.584984	12
AGAAT	482495	7.1105123	236.61894	20
TCTCG	524820	7.101576	339.76627	25
GTTCA	503910	6.94585	120.05948	10
TTCAG	482760	6.6543202	119.8584	11
GATCA	445695	6.4478927	91.35919	11
TGGTA	571330	6.393047	123.374916	16
GCGAC	536180	6.3692822	99.482216	22
ACCTC	355180	6.2137246	111.746216	5
CAGTG	538325	6.2064734	109.58541	13
GCATT	439390	6.0565114	121.89599	1
AGTGG	643875	6.026295	108.47725	14
CCTCA	343500	6.0093875	111.01816	6
GGTTC	538730	5.917849	96.48709	9
CTCGC	418310	5.832062	359.23322	26
AGATC	393005	5.6856236	91.10024	10
GGTAG	582940	5.455978	107.806496	17
CTCAG	353185	5.015961	90.407715	7
CATTG	357930	4.933675	91.22789	2
GACCT	339990	4.828565	90.02246	4
CAGAT	326535	4.7239985	91.75284	9
ATCAG	312595	4.522328	80.32928	12
CAGAC	302635	4.5110607	87.24599	14
AGACG	360560	4.3630033	72.69146	15
CGCGA	362950	4.3114834	74.99793	1
GGTGG	567640	4.233915	59.81526	6
ACTCT	243740	4.138574	27.321213	3
CCCTG	276590	3.8562071	40.124878	2
TTGGT	357900	3.815706	66.13285	4
TGGTG	425280	3.7924178	66.42774	5
ATTGG	338110	3.7833703	68.08174	3
CCCGC	253495	3.641437	165.53238	26
CTCTT	222680	3.602447	26.097878	4
TCTTA	216935	3.5749838	26.369768	5
ACCCG	243570	3.5641437	150.52977	25
GACCC	231920	3.3936706	144.19269	24
TTTGT	258275	3.2920594	29.212843	4
GACTC	230135	3.2683957	22.71158	2
CGCTA	225620	3.2042732	300.87848	28
CGCCA	215550	3.1541293	412.37207	28
CCCCC	172155	3.0463138	23.034758	10
TCGGC	266915	3.020962	33.736008	26
GACGT	256550	2.9578245	69.158264	16
CCTGG	260835	2.9521482	34.57524	3
TCGCC	210890	2.9402199	206.9241	27
GATCC	206835	2.9374871	33.50162	10
GGCGA	300410	2.8969617	74.08178	21
CTGTA	208170	2.8693964	22.818665	13
ACGTG	240995	2.778487	65.39132	17
ATTTG	206635	2.764374	30.385397	3
TGGCG	299235	2.7493696	62.84087	20
CGTGG	295235	2.7126176	54.43993	18
TGTGG	301635	2.689818	21.505154	6
AAGCA	173735	2.6380007	22.615679	8
GTGGC	284385	2.612928	58.651394	19
CCTGT	192360	2.60291	19.53013	3
CCGCT	185645	2.5882554	123.89469	27
AATCC	144510	2.5753098	20.003239	11
CTTAG	183755	2.5328622	22.16683	6
CGGCG	266525	2.5231216	18.77067	27
CTGGT	229160	2.5172803	33.396713	4
TCGCA	173565	2.4649837	193.84796	27
AACTT	141670	2.4503603	18.79793	15
CGACT	171200	2.4313958	22.685106	1
TGATC	173660	2.393714	24.09547	9
CCCTC	139190	2.390471	23.379894	12
CGGTG	257410	2.3650818	15.944485	11
CTCTC	141295	2.3551724	21.874481	1
CAGAA	153680	2.3334846	17.55498	16
ATCCG	163645	2.3240993	14.946388	12
GAGGT	245905	2.3015273	14.960546	2
TTGTG	215305	2.2954476	24.556692	5
ATCCT	135085	2.293671	27.483912	11
TCCCT	136695	2.2784975	39.271263	1
TGGAT	200380	2.2422044	16.600582	14
GTCGG	240665	2.2112288	12.79089	6
ACTGT	160160	2.2076306	22.237822	12
TGTAG	194055	2.1714292	19.085817	14
GAACT	150090	2.1713598	16.028286	14
GCTCT	159645	2.1602283	25.120136	20
AGGAT	183855	2.1592548	33.47731	21
TTGTA	161185	2.1563413	27.672821	19
AACGA	140185	2.128576	6.8108783	2
TCCGA	149425	2.122146	13.266935	11
TTAGC	152045	2.0957744	21.997755	7
GCACT	146515	2.0808175	21.424871	10
GTGGA	221630	2.0743277	14.82952	13
CCCCT	120490	2.0693142	22.088211	11
CTCGA	144215	2.048153	35.223797	26
CATTT	119980	1.9772124	37.13376	2
GGTTA	176695	1.9771749	21.246576	17
CAGGA	161070	1.9490483	11.7127695	12
CTAGT	140660	1.9388447	18.594456	12
GTAAT	137330	1.9282616	14.7689085	13
TCTAG	139370	1.9210634	19.549044	11
AGAAC	126165	1.9156955	14.921987	13
ACCCT	109475	1.915219	21.228376	2
TCGGA	165930	1.9130455	13.533931	7
GGATT	169795	1.8999655	34.511448	22
ACTTG	137315	1.8927375	11.33927	14
TCGAA	130160	1.8830314	8.458324	10
TGGAA	160000	1.8790936	14.829058	1
CTCGG	165630	1.8746115	14.574206	3
GTCTA	135950	1.8739225	19.263823	10
AGCGG	194070	1.8714868	15.7359915	9
CGAAC	124805	1.8603365	8.130438	11
CCGAA	124680	1.8584733	20.152214	13
CTGCC	132615	1.848913	16.887747	14
GATGA	154285	1.8119748	17.388119	4
GATTC	130525	1.799145	44.90553	23
ACCTG	126190	1.7921604	24.977592	2
GAAAA	115470	1.786014	19.333555	18
TAGCG	154755	1.7842063	18.378017	8
TCACT	104830	1.7799573	18.94986	18
TAGGA	151490	1.7791494	30.278378	20
GTAGT	158160	1.7697728	17.380863	5
AAGTC	121965	1.7644739	16.843199	4
TAGTG	157005	1.7568487	17.700645	13
AGTTA	124220	1.7441831	26.107693	22
GCGGT	189500	1.741125	16.69356	10
AAGAC	114130	1.7329555	8.089622	3
AATTT	102420	1.7193223	25.061808	16
AAAGT	116650	1.7190671	22.87947	20
TGGTC	156305	1.7169816	15.754291	8
TAGCT	124420	1.7149941	24.281559	16
AAAAG	110835	1.7143229	20.730024	19
TTGAT	127995	1.7123238	23.470486	8
GGAAT	145170	1.7049252	14.266338	9
GGCCC	144705	1.6874673	5.084232	11
AGAAA	108775	1.6824602	18.86535	17
GGATC	145380	1.6761196	14.630542	15
AGGAG	169245	1.6625406	15.031597	20
GAAGA	134870	1.6624608	6.6425285	2
ATCAC	92345	1.6456785	19.032906	17
GAATC	113170	1.6372362	16.942095	10
TCTCA	96090	1.6315567	30.8928	25
GTTGA	145550	1.6286697	20.042358	7
TCGAT	117875	1.6247783	20.373064	15
TGAGA	138185	1.622891	18.916105	1
AGCTC	113920	1.617901	22.849768	17
CGAAT	111260	1.6096041	21.24049	14
ATGCT	116760	1.6094093	24.288546	18
GGCGC	169545	1.6050378	12.263119	6
CGCCC	110875	1.5927111	18.531696	8
TCCTG	117595	1.5912309	21.815872	12
CCTCG	113940	1.588547	19.17685	13
ATGAA	107785	1.588424	21.405497	5
CTCTA	93520	1.5879195	18.195602	21
TACCT	93210	1.5826559	29.87822	1
ATTCG	112975	1.5572373	43.826996	24
CACTA	87170	1.5534548	14.12899	7
CGATG	134705	1.553045	17.938442	16
GGTGT	173820	1.5500329	9.157869	11
TCCGC	110710	1.5435146	14.948625	13
GCCCC	106750	1.5334558	18.218056	9
GGTCT	139545	1.5328759	15.561041	9
AGGCC	128275	1.5237786	5.4998636	10
TCTGA	110470	1.5227084	6.4994683	2
CACTC	86600	1.5150306	17.513191	19
GCGCC	129740	1.512954	15.730536	7
TAGAT	107705	1.5122945	12.214453	7
TGATG	134740	1.5077085	12.047544	17
CACTG	104740	1.4875257	21.438097	11
AGTCG	128925	1.4864062	13.421575	5
GGAGG	189315	1.4820462	8.280094	8
GCTAA	102350	1.4807026	16.960789	16
GTTAG	132215	1.4794543	21.853693	18
CTGTG	134500	1.4774576	11.650149	4
CTGGC	130045	1.471858	5.1948013	26
GCCCT	104400	1.4555407	5.457265	4
CCGCC	100310	1.4409457	19.148336	27
ACTGC	101425	1.4404458	15.36195	5
TGACT	104225	1.436628	12.591363	17
TTAGG	127465	1.4263029	23.987713	19
AACTG	98030	1.418205	6.095598	14
CCTGC	101510	1.4152485	22.396265	13
TCGCT	104365	1.4122097	46.42916	27
TGTCA	102350	1.410783	14.073398	13
GACTA	96875	1.4014957	14.020664	18
AGCAG	115820	1.401495	11.396189	4
AGACT	96825	1.4007722	13.74197	10
TTCGA	100585	1.3864545	5.158235	8
CTGAT	99640	1.3734287	9.894654	13
AGTAG	116835	1.3721495	17.940836	7
TAGTA	97505	1.3690755	21.284534	6
TGGAC	118380	1.3648304	6.664313	1
GAAGC	112475	1.3610184	18.415007	7
CGGAA	112295	1.3588403	13.999343	8
GGATA	115165	1.3525364	12.315251	14
ACGGT	115625	1.3330673	6.1182804	6
TGAAG	113250	1.3300459	17.378872	6
TTGAC	96485	1.3299404	12.00586	16
ATAAC	73260	1.3299232	6.2411714	12
AGCAC	88755	1.3229773	22.389551	9
TAACT	75920	1.3131316	9.013687	13
TACCC	74985	1.3118311	21.19896	1
CTTGA	94865	1.3076105	11.969702	15
GACGG	135460	1.3062894	5.4838285	23
GCTCA	91905	1.305242	10.536039	18
AGGTA	111060	1.3043259	18.131931	3
TTAAG	92665	1.3011166	13.758108	1
CCGGG	136900	1.2959962	6.5593314	9
TGTGA	114965	1.286431	6.178192	19
TTCGG	117070	1.2859924	36.124996	25
TGAGG	136470	1.2772799	14.245776	1
GGTAA	108425	1.2733796	14.56627	12
TGCCA	89290	1.2681036	17.734514	15
GTCAG	109330	1.2604908	12.305892	14
GAACC	84500	1.2595524	9.691137	10
CTACT	74015	1.2567351	5.549942	4
TGCTC	92725	1.2547038	24.863998	19
TCCTA	72980	1.2391613	5.488598	2
AATGA	83960	1.2373157	15.980453	15
AAGTT	86995	1.2215036	23.539387	21
CAAGT	83520	1.2082881	12.9468355	3
AATAC	66510	1.2073872	17.39766	2
TACTG	87285	1.2031286	13.2324915	4
GGTTG	134645	1.2006913	15.777335	6
GTAGC	104125	1.2004813	20.306513	15
GAACG	99150	1.1997775	5.5590796	5
TGGCA	103335	1.1913732	9.292815	20
ACTGA	81535	1.1795709	10.351725	12
CCCGT	84595	1.1794202	9.091174	3
AGGTG	125940	1.178725	8.906791	10
AGAAG	95520	1.177417	6.7156568	1
ACTAC	65595	1.1689671	14.210098	8
CTTTG	89005	1.1689051	14.070531	17
CGGTC	102805	1.163554	5.9252076	7
ACTTT	70520	1.1621355	16.86454	16
GTGTC	105500	1.158898	10.859912	12
GATAA	78420	1.1556729	5.171815	11
CTGGA	100235	1.1556326	6.4291763	28
GAAGT	97980	1.15071	13.765736	3
TAAGC	79430	1.149118	13.79736	2
CGATC	80630	1.1451136	8.636601	13
ACGAA	75360	1.14427	5.85551	3
GGTCG	124145	1.1406435	5.0382156	8
CTAAG	78740	1.1391357	17.389097	17
TACCA	63395	1.129761	30.074064	25
TACAG	77530	1.1216305	11.784179	10
GATGC	96760	1.1155685	18.494864	17
CGGCT	97195	1.1000595	10.777402	23
ATGAT	78140	1.09717	15.656677	16
GGAAG	111020	1.0905802	11.907622	2
CCTAC	62100	1.0864134	5.6658564	3
AGATG	92315	1.0841783	17.357855	3
TGCAC	76280	1.0833346	11.225363	5
ATCCA	60735	1.0823572	12.6705	9
GAGAT	92150	1.0822405	17.29622	2
GACTG	93510	1.0780985	7.972892	11
GGCTC	95215	1.0776498	8.088987	23
GAGAA	87325	1.0764023	5.176094	1
AAGGA	86295	1.063706	17.242178	19
GGACG	109675	1.0576353	5.530948	2
TAATT	62880	1.0555652	5.2569447	22
CTACA	59175	1.0545565	14.267219	9
AAGTA	71555	1.0545036	13.128832	4
CCCGA	72000	1.0535715	5.4053698	26
TAATA	59660	1.0511469	17.285757	1
GGCTA	90940	1.0484684	8.368831	19
CTATC	61630	1.0464444	14.680272	20
TTACC	61500	1.044237	26.003674	24
TTCAA	60100	1.0395049	15.782517	1
GATGT	92740	1.0377386	9.757978	15
GCCCA	69905	1.0229154	6.442606	12
ATCTA	58405	1.0101877	15.197786	22
GCAGG	104675	1.0094186	9.133793	5
ACTCG	70995	1.0082766	14.926049	20
ACTAT	58130	1.0054313	12.5882	19
ATTGT	73890	0.9885043	7.737888	3
TAGTT	73715	0.98616326	8.156382	18
ATCGA	68105	0.9852785	6.5456963	6
CTGCA	69025	0.98029846	5.269874	14
AGGTT	86805	0.97132725	6.8767986	10
CCTCT	56420	0.9404354	5.847939	21
GATCT	67225	0.92662334	8.260107	14
GCCGG	97780	0.92565745	5.8404355	8
GATCG	80080	0.9232609	5.4134836	5
ATACT	53085	0.91817164	16.507795	3
TAAGG	77595	0.91130173	14.803665	18
TATCT	54965	0.9057967	13.233386	21
GTTAC	65520	0.9031217	24.201859	23
TATCA	51885	0.8974162	11.16512	6
CCAGG	73700	0.8754823	9.134076	11
TTCTG	66325	0.87104803	6.6550155	1
CCCAG	59345	0.8683916	5.817692	13
GCATG	75310	0.8682664	5.1980686	1
TACTT	52185	0.8599836	5.337044	5
TTGAA	61140	0.8584716	6.202439	19
GTCGA	74255	0.8561031	5.8830495	9
AGTAA	57870	0.85282826	13.009809	5
ACAGA	56135	0.8523567	13.068862	11
AACCC	45950	0.84371656	10.222273	1
TCAAG	58190	0.84183776	13.6312	2
CTCAA	46915	0.83607125	13.51932	26
TTATC	50710	0.8356763	10.725241	5
TAATG	59305	0.83270615	15.179492	14
CCGAT	57995	0.82364964	8.095256	12
CCGCA	55465	0.81161577	52.365326	27
CAGCC	55165	0.8072258	5.4029675	15
GGAGT	85865	0.8036463	14.878875	21
TGTAA	56955	0.7997096	5.904842	1
TAATC	45870	0.7933792	12.356528	7
TTTAA	46880	0.7869736	5.322497	1
GTGCA	67850	0.7822584	9.813047	4
GCCTG	68490	0.77517444	5.395913	8
CGGGT	83760	0.76958644	5.918462	10
TCCAG	53745	0.7632907	10.357583	10
TGTTG	71510	0.762395	8.36973	17
AACCG	51080	0.7613957	8.975559	11
CCAGC	51200	0.74920636	5.832779	14
AGTGC	64295	0.741272	9.900198	3
TCGTA	53590	0.7386797	28.940723	27
TCGAG	63585	0.73308617	5.1268134	7
CGGCA	61345	0.7287172	19.275726	27
ATAGG	61990	0.72803134	12.824918	16
CTCCT	43425	0.72382855	5.5626245	1
AACTA	39780	0.722145	5.646372	22
ACCAA	37765	0.70636415	11.964685	26
GTATA	50300	0.70626634	10.031128	15
TGTAT	52645	0.7042876	13.303997	14
TTCTT	44650	0.70106506	5.3714786	1
GCTTA	50230	0.69236577	8.946753	3
GGCCA	58275	0.69224864	6.0002003	28
TATAG	48920	0.6868896	10.211741	16
AGTGA	58330	0.6850471	7.3159523	23
ACAGT	46970	0.6795174	5.38043	17
ACCGA	45225	0.6741214	9.200196	12
CTTGT	50670	0.6654504	8.083674	17
CAGTA	45935	0.6645439	5.075079	18
TCTTG	50570	0.6641372	8.314922	16
CTCGT	49025	0.6633794	27.231163	26
CCGTA	46705	0.66330814	8.076321	4
AGGCT	57335	0.66102844	8.025747	18
ATCTT	39625	0.6530009	9.936072	15
TGCCT	47170	0.6382785	6.3167567	7
AGCTT	46195	0.6367477	8.986867	2
GATAG	53790	0.6317278	12.30511	15
GATTG	55900	0.6255077	5.1900153	11
ATTCC	36040	0.6119399	5.0022264	24
CGTAG	52725	0.6078787	6.732856	5
CTTAT	36630	0.60364467	10.708261	4
GAGTG	63810	0.5972244	11.761326	22
AAACA	30930	0.5893145	7.862076	4
ATGTT	43635	0.5837514	10.55828	16
GTAGG	61730	0.5777569	5.6493106	8
AACAT	31340	0.5689298	7.4419394	5
CGATA	39295	0.5684827	5.0704827	1
AGTTT	42180	0.5642863	7.0783606	10
AGATT	40105	0.5631175	6.9090986	10
ATGGA	47385	0.5565053	5.2123137	19
TAGGC	47345	0.54585147	9.877124	17
TAAAC	29705	0.5392488	7.5021443	3
GCTCG	47485	0.53743845	5.8410945	25
ATCTC	31365	0.5325609	7.1453323	24
ATGGG	56315	0.52707565	5.0038586	3
ACGTA	36060	0.52168185	9.211859	17
GTTGT	48825	0.5205416	6.2178793	12
CGCAA	34600	0.5157457	43.705154	28
CATGG	44560	0.5137425	5.0510025	2
ATAGT	36500	0.5124994	10.9185705	17
TAGGT	45790	0.5123792	6.447289	9
AGTGT	45350	0.5074557	8.270123	23
GTAAA	34265	0.5049622	6.119327	2
GAGTA	42110	0.49455395	5.1334367	22
ACATC	27715	0.49390846	7.340406	6
ACCCA	26650	0.48933727	11.730707	25
TGACA	33130	0.47929344	5.4122496	20
GATAC	32360	0.4681538	5.1090803	2
CATCC	25985	0.4545966	7.165883	7
GGCAA	37260	0.4508695	5.916559	28
GTTTG	41990	0.44767118	5.700524	11
TGCCG	39535	0.4474598	5.358448	7
GTACA	28670	0.4147704	5.315222	15
GCGCA	27600	0.3278604	5.731391	28
GCCTA	21045	0.29888278	8.596856	28
TTACA	16330	0.28244784	6.0663753	24
CAATA	13795	0.2504271	14.759222	28
ACTTA	14270	0.24681754	6.248351	28
TCAAT	9705	0.16786017	7.9604964	27
>>END_MODULE
