##FastQC	0.10.1
>>Basic Statistics	pass
#Measure	Value	
Filename	20190308sample3-trimmed.fastq	
File type	Conventional base calls	
Encoding	Sanger / Illumina 1.9	
Total Sequences	2105014	
Filtered Sequences	0	
Sequence length	15-32	
%GC	53	
>>END_MODULE
>>Per base sequence quality	pass
#Base	Mean	Median	Lower Quartile	Upper Quartile	10th Percentile	90th Percentile
1	33.03236890586001	34.0	33.0	34.0	32.0	34.0
2	33.28955911932177	34.0	33.0	34.0	32.0	34.0
3	33.26527899576915	34.0	33.0	34.0	32.0	34.0
4	33.132111235364704	34.0	33.0	34.0	31.0	34.0
5	33.273748773167306	34.0	33.0	34.0	33.0	34.0
6	34.48510176179351	38.0	35.0	38.0	26.0	38.0
7	34.06243046364537	38.0	34.0	38.0	16.0	38.0
8	34.596033090516265	38.0	35.0	38.0	27.0	38.0
9	34.807892014019856	38.0	35.0	38.0	28.0	38.0
10	35.11150852203358	38.0	36.0	38.0	28.0	38.0
11	35.33971413016731	38.0	36.0	38.0	29.0	38.0
12	35.070364377624095	38.0	36.0	38.0	28.0	38.0
13	35.25933509230818	38.0	36.0	38.0	28.0	38.0
14	35.401199706985324	38.0	36.0	38.0	29.0	38.0
15	35.218449378483946	38.0	36.0	38.0	28.0	38.0
16	35.320781872248965	38.0	36.0	38.0	28.0	38.0
17	35.273774425183866	38.0	36.0	38.0	28.0	38.0
18	35.349113668882204	38.0	36.0	38.0	29.0	38.0
19	34.9408400160593	38.0	36.0	38.0	27.0	38.0
20	35.535039023156216	38.0	36.0	38.0	29.0	38.0
21	35.05770728998933	38.0	36.0	38.0	28.0	38.0
22	35.399213472392255	38.0	36.0	38.0	29.0	38.0
23	35.67259682979912	38.0	36.0	38.0	29.0	38.0
24	35.66395217186312	38.0	36.0	38.0	29.0	38.0
25	35.54733416438468	38.0	36.0	38.0	29.0	38.0
26	34.93840574607422	38.0	35.0	38.0	27.0	38.0
27	35.4078885615857	38.0	36.0	38.0	28.0	38.0
28	35.22678743824181	38.0	36.0	38.0	28.0	38.0
29	35.41611908005449	38.0	36.0	38.0	28.0	38.0
30	35.08429880416214	38.0	35.0	38.0	27.0	38.0
31	35.00716549538377	38.0	35.0	38.0	27.0	38.0
32	34.724407023308345	38.0	35.0	38.0	27.0	38.0
>>END_MODULE
>>Per sequence quality scores	pass
#Quality	Count
15	2.0
16	2.0
17	22.0
18	87.0
19	271.0
20	721.0
21	1678.0
22	3269.0
23	5769.0
24	9326.0
25	14208.0
26	20854.0
27	29573.0
28	40419.0
29	54055.0
30	71537.0
31	94051.0
32	121842.0
33	159413.0
34	223565.0
35	324473.0
36	762641.0
37	167236.0
>>END_MODULE
>>Per base sequence content	fail
#Base	G	A	T	C
1	13.236110398263312	13.34004360727599	38.79664638377064	34.627199610690056
2	45.15238378462091	20.502286445600838	17.18159594187972	17.163733827898533
3	24.405823429202847	20.736869208470825	11.445434567181026	43.41187279514531
4	42.12947853528696	18.761071784354776	14.43725050629141	24.672199174066858
5	20.901888223336652	37.44809975490825	21.95956508806292	19.69044693369218
6	33.07593203655653	12.150180473859082	16.587680652005165	38.18620683757923
7	30.18336220091648	13.20594542364089	20.1230015572343	36.487690818208335
8	22.315005980957846	17.076798539107102	43.867119173554194	16.74107630638086
9	27.332264773535947	17.141691219155785	18.47047098024051	37.05557302706775
10	30.65338713179245	32.74394470407759	17.356701742083803	19.245966422046155
11	46.55282413932836	18.815085702558605	13.802907630499195	20.829182527613842
12	26.170866427141842	38.232523404977	17.00735534092383	18.589254826957326
13	25.115224886865363	15.614005417541165	34.407514629356385	24.863255066237087
14	26.702007682609235	12.620581145778603	20.256349839003445	40.421061332608716
15	26.38338747390754	40.687710390524714	15.419564905506567	17.509337230061178
16	34.78387048965913	29.07197892887311	16.912859011327306	19.231291570140446
17	19.49612152794164	40.864975025272784	18.138594212221847	21.50030923456373
18	22.27260232454873	24.944564658119354	22.63051798388745	30.15231503344446
19	30.243595238722378	31.380756143757825	22.609044767279904	15.76660385023989
20	22.49556351995546	28.73635318048833	33.48120032764593	15.286882971910288
21	31.459294484272682	32.758683743615265	17.925698207009056	17.856323565103
22	21.258815580274813	39.77592676979425	26.71094039046396	12.254317259466973
23	12.56856596970771	53.95140290596447	12.016956595429964	21.46307452889786
24	20.872209196781093	46.26422864620586	19.43210502176193	13.43145713525112
25	12.8039808721952	41.223893407446766	28.018351248620593	17.95377447173744
26	12.39428486926885	38.79331591659684	16.65880331528283	32.153595898851485
27	11.965769292219203	35.88133088352772	22.848098737817544	29.304801086435532
28	16.459380412868786	34.693471902774235	8.684726126586591	40.162421557770394
29	41.39754788043914	40.25763282314288	6.016107059860565	12.328712236557417
30	6.650100947352073	35.921726976238546	7.675104829942538	49.75306724646684
31	4.391565988332031	58.37199687629197	23.07409619183242	14.162340943543573
32	0.12321593592771332	99.6406201868775	0.22589588253414108	0.010267994660642776
>>END_MODULE
>>Per base GC content	fail
#Base	%GC
1	47.86331000895337
2	62.31611761251944
3	67.81769622434815
4	66.80167770935381
5	40.59233515702883
6	71.26213887413574
7	66.67105301912481
8	39.056082287338704
9	64.38783780060369
10	49.8993535538386
11	67.38200666694219
12	44.76012125409917
13	49.97847995310245
14	67.12306901521795
15	43.89272470396872
16	54.01516205979958
17	40.99643076250537
18	52.424917357993195
19	46.01019908896227
20	37.78244649186575
21	49.31561804937568
22	33.513132839741786
23	34.03164049860557
24	34.303666332032215
25	30.75775534393264
26	44.54788076812033
27	41.27057037865474
28	56.62180197063918
29	53.72626011699655
30	56.40316819381892
31	18.553906931875602
32	0.1334839305883561
>>END_MODULE
>>Per sequence GC content	fail
#GC Content	Count
0	2.0
1	2.0
2	2.0
3	4.5
4	7.0
5	7.0
6	8.0
7	11.0
8	20.0
9	41.5
10	73.0
11	93.0
12	100.0
13	126.0
14	172.5
15	261.5
16	395.0
17	596.5
18	921.0
19	1349.5
20	1945.0
21	2746.0
22	3601.0
23	4953.5
24	6548.5
25	8138.0
26	10360.5
27	12071.0
28	18195.5
29	25697.5
30	32337.5
31	42460.0
32	50867.5
33	60375.5
34	81857.0
35	102265.0
36	112680.0
37	151563.0
38	192845.5
39	208315.5
40	224363.5
41	222286.0
42	216810.5
43	229506.5
44	242062.0
45	257680.0
46	262925.5
47	273799.0
48	294224.0
49	297948.0
50	324234.0
51	350520.0
52	338315.5
53	325422.0
54	316644.5
55	307866.5
56	312941.0
57	400458.5
58	475050.5
59	459450.0
60	432089.5
61	398948.5
62	392950.5
63	297293.5
64	188327.5
65	173372.5
66	160612.0
67	154763.0
68	129942.5
69	102448.5
70	91451.0
71	84720.0
72	83711.5
73	83340.5
74	81546.5
75	79367.0
76	76364.0
77	72232.0
78	66611.5
79	58272.5
80	52206.5
81	48466.5
82	43876.5
83	38360.5
84	32581.5
85	28491.0
86	25330.5
87	23445.5
88	22175.5
89	19802.5
90	15140.5
91	9681.5
92	6018.0
93	4081.5
94	3177.5
95	3038.0
96	3035.0
97	1559.0
98	44.5
99	6.0
100	6.0
>>END_MODULE
>>Per base N content	pass
#Base	N-Count
1	0.0369593741419297
2	0.0
3	0.0
4	4.750562229039807E-5
5	0.023562788656037444
6	0.0
7	0.0
8	0.0
9	0.0
10	0.005748180297138166
11	4.750562229039807E-5
12	6.175730897751749E-4
13	0.0
14	0.0
15	0.0
16	0.0
17	0.0
18	0.0
19	0.0
20	0.0
21	0.0
22	0.0
23	3.8520059320891356E-4
24	0.0
25	0.0
26	7.041757622702627E-4
27	9.98552099455789E-4
28	0.0028394570958032825
29	0.0
30	0.0
31	0.009186532543291534
32	0.0
>>END_MODULE
>>Sequence Length Distribution	warn
#Length	Count
15	330453.0
16	164133.0
17	191658.0
18	165913.0
19	189514.0
20	160996.0
21	202308.0
22	180829.0
23	207427.0
24	116047.0
25	53726.0
26	41865.0
27	29709.0
28	20520.0
29	17721.0
30	10424.0
31	12032.0
32	9739.0
>>END_MODULE
>>Sequence Duplication Levels	fail
#Total Duplicate Percentage	89.24982958390311
#Duplication Level	Relative count
1	100.0
2	19.742509110801212
3	7.755545453845028
4	4.753026018753227
5	3.1889730412740485
6	2.316031157784438
7	1.7936528726953334
8	1.3544852878859088
9	1.1711135594917983
10++	12.018552904284581
>>END_MODULE
>>Overrepresented sequences	fail
#Sequence	Count	Percentage	Possible Source
CGCGACCTCAGATCA	174573	8.293199000101662	No Hit
CGCGACCTCAGATCAGACGTA	61560	2.9244461081969053	No Hit
TACCTGGTTGATCCTGCCA	37494	1.7811758021561854	No Hit
TGGACGGTGTGAGGCCA	37447	1.7789430379085365	No Hit
TCAGTGCACTACAGAACTTTGTA	25847	1.227877819339919	No Hit
CGCGACCTCAGATCAGACGA	22862	1.0860735368030807	No Hit
CGCGACCTCAGATCAGACGTGGCA	21410	1.0170953732374226	No Hit
CGCGACCTCAGATCAGAA	16235	0.7712537778846127	No Hit
TGGAAGTCGGAATCCA	13450	0.6389506198058541	No Hit
CGACTCTTAGCGGTGGATCA	13172	0.6257440568091234	No Hit
TACCTGGTTGATCCTGCA	12822	0.609117089007484	No Hit
CGACTCTTAGCGGTGGATA	10614	0.5042246749902851	No Hit
TGGACGGTGTGAGGCTA	10226	0.48579249354161064	No Hit
AACCCGTAGATCCGATCTTGTA	9465	0.44964071497861774	No Hit
CGACTCTTAGCGGTGA	9322	0.44284741099109076	No Hit
CGCGACCTCAGATCAGACA	9131	0.43377383713362483	No Hit
TTCAAGTAATCCAGGATAGGCTA	8973	0.4262679488117419	No Hit
CGCGACCTCAGATCAGACGTGA	8568	0.40702817178413064	No Hit
TACCCTGTAGAACCGAATTTGTA	8167	0.38797841724568105	No Hit
CGCGACCTCAGATCAGACGCA	7867	0.3737267305585616	No Hit
TACCTGGTTGATCCTGCTA	7590	0.36056767318412136	No Hit
TACCCTGTAGATCCGAATTTGTA	7426	0.3527767511284961	No Hit
TGAGATGAAGCACTGTAGCTCA	7238	0.3438456941379012	No Hit
CGCGACCTCAGATTA	6888	0.32721872633626187	No Hit
TGAGATGAAGCACTGTAGCTCTA	6554	0.31135184849126896	No Hit
TAGCTTATCAGACTGATGTTGA	5983	0.28422613816345166	No Hit
TAATACTGCCTGGTAATGATGA	5852	0.27800290164340946	No Hit
TGGACGGTGTGAGGCCGA	5653	0.2685492828076203	No Hit
CGACTCTTAGCGGTGGATCACTA	4889	0.23225498737775618	No Hit
TCGGAGGTTCGAAGACGATCA	4754	0.22584172836855243	No Hit
TAGCTTATCAGACTGATGTTGAA	4729	0.22465408781129248	No Hit
CGCGACCTCAGATCAGACGTGGA	4624	0.21966599747080068	No Hit
TTCTGATCGAGGCCCAGCCA	4446	0.2112099967031098	No Hit
CGCGACCTCAGATCAA	4253	0.20204141160106298	No Hit
TGAGGTAGTAGATTGTATAGTTA	4253	0.20204141160106298	No Hit
TGAAACTGCGAATGGCA	4155	0.197385860616604	No Hit
TCGGAGGTTCGAAGACGAA	3952	0.18774221929165316	No Hit
TGGACGGTGTGAGGCAA	3872	0.1839417695084213	No Hit
CGCGACCTCAGATCAGACGTGGCGACCCGCTA	3679	0.1747731844063745	No Hit
GGCGTGAAACCGTTAAGAGGTA	3642	0.17301547638162976	No Hit
CGATACGACTCTTAGCGGTGA	3638	0.17282545389246817	No Hit
TACCTGGTTGATCCA	3612	0.17159030771291783	No Hit
TACCTGGTTGATCCTGCCAA	3453	0.16403691376874452	No Hit
TACCTGGTTGATCCTGCAA	3360	0.15961889089573753	No Hit
TCGGAGGTTCGAAGACGA	3260	0.1548683286666977	No Hit
TACCTGGTTGATCCTGCCAGTA	3201	0.1520654969515642	No Hit
TAATACTGCCGGGTAATGATGA	3191	0.15159044072866024	No Hit
CGCGACCTCAGATCAGA	3152	0.1497377214593347	No Hit
TACCTGGTTGATCCTA	3095	0.14702990098878202	No Hit
TGATCCTTCGATGTCGGCTA	2959	0.14056913635728788	No Hit
CTCTCGGCGCCCCCTCGATGCTCTA	2952	0.1402365970012551	No Hit
CGCGACCTCAGATAA	2909	0.13819385524276798	No Hit
CGATACGACTCTTAGCA	2873	0.13648365284031364	No Hit
GGCGTGAAACCGTTAAGAGGA	2870	0.13634113597344247	No Hit
CGACTCTTAGCGGTGGAA	2851	0.13543852914992488	No Hit
TGGAAGTCGGAATCCGA	2783	0.13220814683417784	No Hit
TGATGGGGATCGGGGAA	2732	0.12978536009736752	No Hit
GTGGACGGTGTGAGGCCA	2700	0.1282651801840748	No Hit
CGCGACCTCAGATCAGACGTGGTA	2681	0.1273625733605572	No Hit
TCAGTGCACTACAGAACTTTGCA	2674	0.12703003400452445	No Hit
TCGGAGGTTCGAAGACGATA	2634	0.1251298091129085	No Hit
CGCGACCTCAGATCAGACAA	2624	0.12465475289000452	No Hit
TACCTGGTTGATCCTGA	2567	0.12194693241945184	No Hit
CGGGGTCGGGGCACGCCGGCCA	2566	0.12189942679716144	No Hit
TGAGGTAGTAGTTTGTACAGTTA	2420	0.11496360594276332	No Hit
GCATTGGTGGTTCAGTGGTAGAATTCTCGCA	2328	0.11059308869204669	No Hit
TTAGTGACGCGCATGAATGA	2263	0.10750522324317084	No Hit
CTGAGTGTCCCGCGA	2201	0.10455987466116615	No Hit
GACTCTTAGCGGTGGATCACTCA	2189	0.10398980719368138	No Hit
CGACTCTTAGCGGTGGATCACTCA	2177	0.10341973972619659	No Hit
TAATACTGCCGGGTAATGATGGAA	2161	0.10265964976955022	No Hit
ACCCTGTAGATCCGAATTTGTGA	2135	0.10142450358999987	No Hit
CGCGACCTCAGATCAGACGTGGCGACCCGCA	2129	0.10113946985625749	No Hit
GACTCTTAGCGGTGGATCA	2117	0.10056940238877272	No Hit
>>END_MODULE
>>Kmer Content	fail
#Sequence	Count	Obs/Exp Overall	Obs/Exp Max	Max Obs/Exp Position
TCAGA	625025	19.662195	199.15915	8
GATCA	453980	14.28142	186.36295	11
ACCTC	405505	13.776385	206.41667	5
CCTCA	403125	13.695529	205.7546	6
AGATC	421995	13.275228	185.84053	10
CTCAG	408380	12.536064	186.206	7
CAGAT	394395	12.40698	190.8646	9
GACCT	398100	12.220498	186.01176	4
CGACC	433040	11.097486	156.62227	3
GCGAC	429470	9.944593	141.93777	2
CGCGA	415310	9.616712	141.30318	1
ATCAG	213390	6.712877	110.527145	12
CTCTT	131480	6.2540474	44.31268	4
TCTTA	126595	6.171005	45.037037	5
ACTCT	148645	6.049083	38.28491	3
TGGTT	138735	5.387693	54.197655	5
TGATC	139080	5.1140103	50.787586	9
CAGAC	193810	5.089916	102.30987	14
TTGAT	113695	5.007701	60.560074	8
CGGTG	203165	4.9684744	25.286736	5
AGACG	200795	4.764804	96.85962	15
GATCC	153995	4.7271934	49.827057	10
ATCCT	115750	4.710427	52.7349	11
CTTAG	122205	4.493511	34.189083	6
GACTC	145470	4.4655013	29.115017	2
CTGGT	128435	4.1638975	47.328323	4
GTTGA	119645	3.9751093	46.383938	7
TGTGA	119285	3.9631488	34.13316	8
TTAGC	107410	3.9494956	34.00275	7
CCTGG	143455	3.8826854	39.969982	3
TTTGT	75320	3.8776588	118.8087	18
TACCT	92720	3.7732248	57.061916	1
GACGT	134810	3.7391813	102.79903	16
TTGTA	84460	3.7200444	125.27904	19
GGTGT	126635	3.7096078	30.96703	6
TGGAT	109880	3.650675	33.154762	14
CGACT	115175	3.5355334	29.012398	1
GTCGG	143620	3.5122797	16.708834	6
TCCTG	96475	3.461575	53.332447	12
ACCTG	110780	3.40062	43.059875	2
GTGGA	134815	3.378705	25.507166	13
CTGTA	91120	3.3505073	21.08797	13
TGAGG	127645	3.199012	26.261393	10
TGGAC	112480	3.1198213	30.440361	1
GCGGT	125680	3.0735505	25.947382	10
GGTTG	103755	3.039368	40.455917	6
GTGTG	103105	3.0203276	30.50546	7
TCGGA	108040	2.99667	20.871227	26
GAGGC	138765	2.9032996	21.737108	11
TAGCG	104555	2.9000082	25.886436	8
CTGCC	94260	2.82349	35.496357	14
GAATT	74155	2.7943141	70.546165	21
TGTAG	82305	2.7345178	20.963675	14
CCTGC	91250	2.7333279	46.663605	13
GTAGA	95645	2.718658	15.837857	18
AACTT	64810	2.7028327	39.213543	15
ACGGT	96690	2.6818593	28.332523	4
CTTTG	62090	2.6685834	52.411354	17
AGCGG	127540	2.6684456	20.368315	9
GAGGT	105485	2.6436427	10.850996	2
ACTGT	71880	2.6430476	19.535414	12
GAACT	83880	2.6387186	27.3539	14
AATCC	73765	2.5681908	16.553118	11
TTCGA	69480	2.554799	13.107413	8
AGGCC	109765	2.5416641	21.298153	12
GGTGG	114835	2.5375001	20.43864	12
GTGAG	99870	2.5029209	27.590933	9
CCCTG	80685	2.4168608	15.109099	3
ACTTT	49130	2.3948932	50.6788	16
TGGAA	82520	2.3455868	17.090696	1
CCTGT	64840	2.3264945	17.603895	4
TCCGA	75780	2.326223	12.793884	11
ACGTA	73605	2.315485	75.83545	17
ATCCG	75365	2.3134837	14.009908	10
CAGAA	85300	2.2957332	18.280457	12
TGGTA	68980	2.2918055	16.91901	20
GGACG	109495	2.2909002	22.858204	2
AATTT	45845	2.290178	45.929977	16
TGATG	68915	2.289646	24.348532	17
GACGG	108945	2.2793932	21.781158	3
AGAAC	82115	2.2100132	19.838799	13
AAGTC	70070	2.2042801	17.87578	4
GTAAT	58445	2.202329	18.496864	13
AACTG	69650	2.1910675	7.2532353	14
ACGTG	78840	2.1867595	54.073833	17
GTGGT	73860	2.163633	12.537181	15
GGATC	77255	2.142797	22.262363	15
TGCCA	69535	2.13452	41.201553	15
TCAGT	57850	2.1271603	20.241354	1
GGTTC	65505	2.1236897	10.578661	6
GCACT	68770	2.1110365	16.19732	6
CGTGG	86235	2.1089087	50.292843	18
TAGAT	55645	2.096819	14.369205	7
GGAAT	72485	2.0603473	16.20914	9
AACGA	75890	2.042476	5.2284837	1
CGAAT	63760	2.005778	23.854757	14
ATTTG	44680	1.9679323	44.352634	17
GAATC	61195	1.925088	17.667665	10
TCGGC	71060	1.9232762	29.201077	22
AGTCG	69265	1.9211808	15.783004	5
TCTGA	52065	1.9144444	8.669303	2
GTAGT	57390	1.9067369	13.587803	5
GTGGC	77605	1.8978587	54.21411	19
TAGCT	51430	1.8910954	28.978046	16
TGAAA	58435	1.8838468	5.94363	1
GGATA	65465	1.8608075	14.953753	14
CAGTG	66665	1.8490655	15.359048	2
GATGA	64470	1.8325253	24.64944	18
CACTA	52330	1.8219132	18.144554	7
CGGAA	76115	1.8061855	13.516901	8
GATGT	53945	1.7922795	16.50383	15
ACCCT	52720	1.7910779	16.59825	2
GGCCA	76970	1.7822793	19.852587	13
GGAGG	93790	1.7730708	7.3048086	3
TCGAA	56065	1.763707	10.486518	9
GCTCT	49115	1.7622727	22.42958	20
CTGAT	47675	1.7530228	12.931519	13
GATCT	46615	1.7140465	14.481292	14
GACGA	72055	1.7098433	19.783316	16
CGATC	55560	1.7055285	11.177137	13
TGGCG	68170	1.6671225	30.172009	20
TTGGT	42925	1.6669674	7.5197625	4
TGGCA	59725	1.6565729	68.4407	20
CCCGC	65545	1.639073	182.3223	26
AGGTT	48980	1.6273214	10.52239	5
AAGCA	60130	1.6183169	11.488314	8
TACAG	51300	1.6138085	16.683777	10
TCTGG	49530	1.6057761	5.126363	9
ACTGC	52275	1.6046888	15.8532915	5
ACTGA	50445	1.5869118	10.693984	12
CCGGG	76560	1.5630611	6.0022426	9
CCGAA	58990	1.5492191	16.61187	13
CTACA	44000	1.5318972	18.279762	9
GGCTA	55200	1.5310643	19.929895	19
TGTGG	52135	1.5272273	6.1051445	17
AGACT	48160	1.5150297	11.570042	10
CAGGA	63705	1.5117003	9.936845	12
TAGAA	46375	1.4950526	24.808044	19
ATCCA	42940	1.4949924	9.725999	12
TCGAT	40555	1.4912184	8.0347805	15
ATGAA	45850	1.4781274	11.45866	5
ACCCG	57475	1.4729078	137.58777	25
TTAAG	39070	1.4722387	7.2995577	1
ACTTG	39920	1.4678694	5.4331355	15
TCACT	36040	1.4666417	28.290243	18
GATAA	45475	1.466038	5.7481847	11
GAAGT	51445	1.4622966	16.093334	3
GGTAA	51120	1.4530584	16.329617	12
GGTAG	57770	1.4478194	10.682272	17
CGGAG	69045	1.4445883	7.0140457	2
CGATG	51725	1.4346794	7.173238	16
CGGCG	70140	1.4319892	12.352445	26
ATAAC	40120	1.4314486	5.4125714	12
CTGTG	43935	1.4243846	7.236083	16
TGAGA	50100	1.4240657	13.185666	1
GTCTG	43835	1.4211427	6.7949333	8
TCCTT	29580	1.407018	5.888015	4
GAAAC	51800	1.3941263	5.0072045	20
TCCTA	34140	1.3893214	8.553072	22
TTGAA	36690	1.3825551	14.764364	19
CTCTA	33960	1.3819964	28.249184	19
GACTG	49230	1.3654765	8.011228	11
TAACT	32515	1.3560038	9.151516	13
GTTCA	36840	1.354617	7.138911	10
TGCAC	44115	1.3542006	16.038054	5
CTCTC	34065	1.3527256	6.116183	1
TAGTA	35635	1.3428007	14.900293	6
TCCGC	44710	1.3392557	7.9411564	13
TACTG	36340	1.3362318	13.777116	4
ACTAC	38345	1.3350136	18.21636	8
GGAAG	61535	1.3193865	12.470704	2
CGCTA	42790	1.313527	466.0348	28
GAAGA	53755	1.3072207	8.06548	11
AATTC	31325	1.3063761	103.28285	22
TTTGA	29655	1.3061557	13.9578495	18
ATGAT	34630	1.3049302	25.709898	16
TAATA	30425	1.3003061	16.964289	1
GTGCA	46560	1.2914196	15.145972	4
CCGCT	42810	1.2823426	190.89499	27
TACCC	37680	1.280118	16.779877	1
TCTCA	31435	1.2792419	52.97025	25
AAGAC	47310	1.2732841	9.609184	12
ATCAC	36550	1.2725191	19.852837	17
TGTTG	32555	1.2642545	21.355759	17
GCTCA	41180	1.2641047	17.515629	24
TTCTG	29020	1.2472588	10.876195	1
TGAAG	43820	1.24556	10.310128	6
GGTCG	50765	1.2414767	5.1034427	4
TTCAA	29730	1.2398583	15.288312	1
GGCGA	58930	1.2329582	41.14942	21
CGTGA	44415	1.2319243	13.164807	18
CACTG	40085	1.2304915	13.112273	11
CCCTC	37050	1.2282575	5.8200507	12
GATCG	44265	1.227764	6.4340177	5
AATGA	37935	1.2229611	19.182625	15
TGACT	33135	1.2183831	6.427981	17
CAAGT	38695	1.2172773	10.379164	3
CCGCC	48450	1.2115811	15.520158	27
AGTGC	43540	1.2076548	15.271182	3
TTGTG	30950	1.2019253	17.42512	18
AGCTC	39150	1.2017899	23.964155	17
AGGTA	42165	1.1985176	11.467261	3
TCTTG	27670	1.1892366	22.217064	16
CGGCT	43800	1.18547	23.236027	23
GTAGC	42710	1.1846334	19.573174	15
TGGTG	40435	1.184491	7.6489487	5
GCCGG	57960	1.1833204	5.1681037	8
GTTCG	36470	1.1823673	10.275755	7
GAACC	45020	1.1823334	7.2364955	10
CTACT	29030	1.1813709	5.1115294	4
AACCT	33865	1.1790386	5.053055	10
CTCGG	43445	1.1758617	23.208729	21
AGTAG	41295	1.1737883	11.376926	7
CTGGA	42270	1.1724291	6.1776795	16
AGTGG	46635	1.1687565	9.984923	14
CTGCA	38000	1.1664882	13.520877	14
GGCTC	43035	1.1647649	15.565446	23
TAGTT	26375	1.161688	15.194355	18
TGTCT	27025	1.1615151	5.615062	7
ATTCT	23710	1.1557686	157.62033	23
TCGCT	32190	1.1549946	16.022657	27
ATCGA	36675	1.1537316	7.1711335	6
GGTGA	45860	1.1493335	5.72757	12
TCTCG	32000	1.1481773	172.07896	25
CGGGT	46790	1.1442666	6.26029	10
TAATG	30315	1.1423321	20.580912	14
GAATG	40110	1.1401054	6.1052637	15
CCCGT	37980	1.1376635	10.96537	26
AAGTA	35270	1.1370459	10.70292	4
GTGAA	39990	1.1366943	5.937993	20
GACCC	44350	1.1365544	115.10792	24
AAACT	31835	1.1358466	8.6811285	21
ATCTT	23050	1.1235963	21.296799	15
ACAGA	41520	1.1174542	14.767108	11
TACTT	22875	1.1150658	6.0571847	5
TGTCA	30100	1.1067853	7.5243473	13
GGTTA	33125	1.1005516	10.663442	19
CCGAT	35675	1.0951174	10.089206	12
TTCTC	22975	1.0928411	204.68121	24
CACTC	32110	1.090886	19.640095	19
AGGAT	38280	1.0880885	14.504343	21
AATAC	30415	1.0851822	13.379606	2
GTGTC	33265	1.0784603	5.9505553	12
ATACT	25750	1.0738766	15.470433	3
AAAGT	33150	1.0687007	15.4059	20
AGGAG	49730	1.0662727	16.058895	20
CTTGT	24660	1.0598692	24.13493	17
GAAGC	44400	1.0535984	10.356497	7
AGGCT	37595	1.0427604	14.840929	18
ACGAT	32440	1.0205059	7.6145735	15
GAAAA	36510	1.006983	9.449092	18
TGAAT	26655	1.0044156	5.7980633	14
TAATT	20095	1.0038418	13.940732	22
CATTG	27275	1.0029093	6.6628704	2
GATTA	26515	0.9991402	6.3701634	23
GTCAG	35880	0.99519193	5.987931	14
GGATT	29760	0.9887522	23.160038	22
TATCA	23430	0.9771233	10.933211	6
TAATC	23205	0.96774	11.491265	7
TTCAG	26215	0.9639328	6.8444624	11
GAGAT	33815	0.96117324	10.195372	2
CGATA	30520	0.96010584	7.060965	1
CGTAG	34460	0.95580584	8.237475	5
TTATC	19585	0.9546913	12.847872	5
GCTAA	30310	0.9534997	10.748999	16
AGAGG	44435	0.9527413	5.3535576	16
AGATG	33360	0.9482403	10.22689	3
AGATT	25140	0.9473273	10.272743	10
CCTCG	31345	0.9389168	5.4316273	13
CGAAG	39390	0.9347125	7.6866336	10
GCCCA	36330	0.93102634	6.983298	12
TTCCT	19500	0.92754745	7.3941483	21
AGAAA	33355	0.9199649	9.0525255	17
TTCTT	16040	0.91391546	7.3220954	1
AGTTA	24225	0.91284823	33.48342	22
GCTTA	24725	0.909145	9.685624	3
ATGTT	20635	0.90886945	21.953363	16
AAAAG	32935	0.9083808	10.222965	19
AACCG	34245	0.899356	6.662187	11
TTGAC	24330	0.8946208	7.7223053	19
AGCAC	33975	0.89226514	11.156264	9
ATTGT	20190	0.8892694	7.4967237	12
AGTAA	27510	0.88687646	10.626325	5
TGTAA	23415	0.8823257	6.257616	1
ATCTA	21015	0.8764084	20.305964	22
CTCGC	29210	0.87496436	177.42575	26
ACGAC	33300	0.87453806	5.5055013	5
TCTTC	18380	0.8742728	5.170231	19
TACGA	27625	0.86903435	6.64705	4
CTTAT	17760	0.86572963	12.824707	4
TGTAT	19575	0.8621817	15.670151	14
CTCGA	28080	0.86197335	41.047283	26
TCCCT	21495	0.85356927	6.4685555	1
TCGAG	30340	0.84153074	6.3842654	7
GATAC	26705	0.84009266	7.1179237	2
CTAAG	26245	0.82562184	11.550401	17
GATTG	24845	0.8254553	5.1269164	11
GACTA	26215	0.8246782	8.026209	21
AGAAT	25465	0.8209491	38.21486	20
TCAAG	26090	0.82074577	10.740416	2
TGCCT	22840	0.81951165	8.022971	7
ATAGG	28735	0.816777	17.834248	16
AGCTT	22135	0.81391007	9.796284	2
ATGCT	22115	0.81317466	14.66183	18
CCGTA	26455	0.8120907	16.031326	27
CTATT	16545	0.80650324	5.679065	13
GTTAA	20660	0.7785116	9.555244	23
GCCTG	28500	0.7713675	5.961948	8
CTTGA	20910	0.7688665	5.4820385	15
AGTGA	26905	0.7647602	18.37268	23
TTCGG	23460	0.76057965	38.441467	25
TCCAG	24550	0.75361276	8.628587	10
AGCTA	23520	0.7398982	10.524432	21
TGCTC	20540	0.73698634	17.820473	19
CCTCT	18520	0.7354316	8.319972	21
CTCCT	18455	0.7328505	5.1282806	1
ATACG	23195	0.7296742	6.607187	3
TAAGC	23085	0.7262138	5.4287558	2
CTCAA	20785	0.72364736	6.6768503	21
GATAG	25315	0.71956533	15.442723	15
CTTCC	18080	0.71795917	6.1847734	20
AAGGA	29440	0.7159255	14.713323	19
CCAGG	30910	0.7157367	6.5872073	11
GATGG	28370	0.71100295	5.0740986	18
CAGTA	22505	0.70796806	8.734193	18
CCCAG	27530	0.7055094	5.891618	13
GACGC	30405	0.70404315	6.3078446	16
GTTTA	15965	0.7031791	8.241278	20
GATGC	25105	0.69632924	8.22807	17
CCCGA	27170	0.6962837	16.156609	26
AACCC	23610	0.6862349	8.156583	1
AATTA	15925	0.6806039	11.403982	23
TGCTA	18505	0.680434	8.381993	15
ACTCG	22030	0.6762561	21.098429	20
TAAGG	23715	0.67408615	12.558028	18
ATTCA	15760	0.6572541	14.514832	23
AAGTT	17280	0.65114623	23.71701	21
TAGGC	23270	0.6454325	15.36043	17
AGACA	23860	0.64215934	9.259944	15
GCATT	17010	0.6254623	7.737627	1
GGAGT	24875	0.623412	24.729979	21
ATGGA	21915	0.6229221	8.4485235	19
ATCTC	15290	0.622224	5.1792107	5
CGTTA	16715	0.61461514	5.007433	11
CAGCC	23915	0.6128681	5.753188	15
GTATA	16250	0.6123337	11.551683	15
TATAG	16050	0.60479724	12.527151	16
TCGCC	20165	0.604028	84.33839	27
CCAGC	23430	0.6004391	6.4685946	14
CTGCT	16585	0.59507877	6.9664044	14
ACCGA	22620	0.59405553	7.5487	12
TCGTA	16075	0.59108216	33.674862	27
TAGGA	20545	0.5839806	9.79089	20
TAAGA	17845	0.575293	6.387993	14
TGTTA	12965	0.57104397	6.9535785	20
TAAAC	15715	0.5606983	5.665493	3
CCAGT	18205	0.55884	5.751624	17
ACCTA	16045	0.5586203	6.2268867	25
AACAT	15630	0.5576656	5.6711445	5
GTGTA	16755	0.5566715	10.418852	24
AGTCA	17670	0.5558674	7.716351	23
TTGCA	15025	0.5524734	11.471456	19
AACTA	15110	0.5391124	14.164596	22
GAGTG	21400	0.5363223	19.079636	22
AGTGT	16075	0.534079	13.545819	23
GACCA	20200	0.53050053	11.827188	24
AACCA	17585	0.5237898	6.5120106	26
TTCTA	10695	0.52133894	14.826639	24
GTTGT	13405	0.52057534	5.672356	12
GTAAA	16145	0.52048784	5.19061	2
GATTC	13990	0.51441616	30.65353	23
CGGTA	18335	0.5085519	8.543534	25
TGACA	16095	0.50632066	17.45782	20
ACATC	14430	0.50239265	5.5326834	6
TCGTG	15175	0.4919776	6.593387	26
CGCCA	18400	0.4715355	197.75497	28
ATAGT	12510	0.47140273	14.517268	17
CAGTT	12820	0.47139496	5.091399	18
CTATC	11505	0.468194	11.118781	20
CGGCA	20175	0.46716225	22.783537	27
GCGCA	19865	0.45998406	5.4382014	28
CAGCT	14870	0.4564652	5.6161704	18
CATCC	13380	0.45456418	5.535998	7
ACTCA	13030	0.45365047	9.845629	20
ATGAC	14165	0.44560617	6.6773076	19
TGAGT	13310	0.4422141	5.052378	21
GAGTA	15475	0.4398686	17.424566	22
TTACC	10800	0.43950418	34.15882	24
AAGAG	18040	0.43869892	5.4949408	15
ACTAT	10405	0.43392953	7.1160173	20
TACCA	12430	0.43276095	41.512577	25
ACGCA	16460	0.43227917	7.8973837	17
GCTCG	15885	0.42993587	10.040024	25
TCAAA	11510	0.41066733	5.749159	22
CCGCA	15665	0.40144587	96.20593	27
GTTAG	11990	0.39835817	5.003518	18
TCGCA	12335	0.3786482	171.46545	27
ATTCG	10055	0.3697251	36.23988	24
TTTGC	8530	0.36661327	9.969676	18
ACTAA	10260	0.36606836	6.5637717	23
TTAGG	10940	0.3634728	6.636688	19
TATCT	7440	0.36267054	17.172924	21
CTAAC	10105	0.35181412	5.910484	24
CTCGT	9110	0.32687172	26.63445	26
GAGTC	11115	0.30829316	5.92674	22
GTTAC	8250	0.30335477	30.34882	23
GCCTA	9700	0.29776144	5.664511	28
ACCCA	9435	0.27423236	27.339804	25
ACCAA	8965	0.26703304	11.963926	26
CGCAA	9995	0.26249272	36.126118	28
TTACA	3255	0.13574634	11.701398	24
>>END_MODULE
