##FastQC	0.10.1
>>Basic Statistics	pass
#Measure	Value	
Filename	20190110sample2-trimmed.fastq	
File type	Conventional base calls	
Encoding	Sanger / Illumina 1.9	
Total Sequences	3848029	
Filtered Sequences	0	
Sequence length	15-32	
%GC	52	
>>END_MODULE
>>Per base sequence quality	pass
#Base	Mean	Median	Lower Quartile	Upper Quartile	10th Percentile	90th Percentile
1	32.60431431260003	33.0	33.0	34.0	32.0	34.0
2	32.85130959252126	34.0	33.0	34.0	32.0	34.0
3	32.932295468667206	34.0	33.0	34.0	32.0	34.0
4	32.90649420781392	34.0	33.0	34.0	31.0	34.0
5	32.90784035151502	34.0	33.0	34.0	32.0	34.0
6	34.68096030461309	38.0	34.0	38.0	28.0	38.0
7	33.66901626780879	38.0	33.0	38.0	16.0	38.0
8	34.560395724668396	38.0	35.0	38.0	27.0	38.0
9	34.473289572401875	38.0	34.0	38.0	27.0	38.0
10	34.71637791711029	38.0	34.0	38.0	27.0	38.0
11	35.65359044851273	38.0	36.0	38.0	30.0	38.0
12	35.30690101347989	38.0	36.0	38.0	29.0	38.0
13	34.461826820951714	38.0	34.0	38.0	26.0	38.0
14	34.76237107360677	38.0	34.0	38.0	28.0	38.0
15	34.98598711184349	38.0	34.0	38.0	28.0	38.0
16	35.850445624922266	38.0	36.0	38.0	31.0	38.0
17	35.187671715472355	38.0	35.0	38.0	29.0	38.0
18	35.15629829277478	38.0	35.0	38.0	29.0	38.0
19	35.79981476878592	38.0	36.0	38.0	30.0	38.0
20	34.9119108897344	38.0	35.0	38.0	28.0	38.0
21	35.351822714545534	38.0	35.0	38.0	29.0	38.0
22	35.47382671414648	38.0	36.0	38.0	29.0	38.0
23	35.46907147159792	38.0	36.0	38.0	29.0	38.0
24	36.080142684593525	38.0	37.0	38.0	31.0	38.0
25	36.01682388449457	38.0	37.0	38.0	31.0	38.0
26	34.56433142592477	38.0	34.0	38.0	27.0	38.0
27	34.975073577759765	38.0	35.0	38.0	28.0	38.0
28	35.16967469294798	38.0	35.0	38.0	28.0	38.0
29	35.54354314071737	38.0	36.0	38.0	29.0	38.0
30	35.39311671636602	38.0	36.0	38.0	28.0	38.0
31	34.74052096747733	38.0	35.0	38.0	27.0	38.0
32	35.10212260006527	38.0	35.0	38.0	27.0	38.0
>>END_MODULE
>>Per sequence quality scores	pass
#Quality	Count
16	5.0
17	25.0
18	94.0
19	222.0
20	528.0
21	1126.0
22	2280.0
23	4245.0
24	7855.0
25	13649.0
26	23130.0
27	37352.0
28	59038.0
29	90172.0
30	133481.0
31	192901.0
32	272444.0
33	379814.0
34	520567.0
35	708365.0
36	1064108.0
37	336628.0
>>END_MODULE
>>Per base sequence content	fail
#Base	G	A	T	C
1	31.579575240053178	12.719303147298891	30.143687533868647	25.557434078779284
2	29.25758949176081	14.738775327758766	16.106437918144508	39.897197262335915
3	19.307134734167846	34.843029819188814	11.006155937954134	34.843679508689206
4	28.11152792161133	14.345589467789152	34.1392487795624	23.403633831037123
5	19.234772412283995	23.827406162476635	40.45376947068025	16.484051954559124
6	45.43006686781587	10.52244216960464	19.9534550104083	24.09403595217119
7	45.218457463644995	11.216790115243503	20.32878675975682	23.23596566135468
8	21.665598585455072	13.558394416663939	49.815359683494535	14.960647314386454
9	48.65394725455551	13.7679315826362	14.88419136134369	22.693929801464595
10	46.05154797510516	21.00037239863442	16.37044126769381	16.57763835856661
11	30.7056677587409	14.615456380396303	34.80514310053277	19.87373276033003
12	21.178192783890143	24.270607108210463	33.92869440433011	20.62250570356928
13	19.030573834032953	16.43217865561824	27.29706558864291	37.24018192170589
14	24.218710409926743	33.56229903672763	15.064491457834647	27.154499095510975
15	44.434670320831785	24.462393604622	17.364318200304623	13.738617874241593
16	30.536844654792063	17.19834536722461	36.160343145918844	16.104466832064485
17	45.84025139215781	25.03171924673887	14.112613990822254	15.015415370281065
18	42.58526976661272	16.537630143309638	20.483810225406618	20.393289864671026
19	23.078226153945188	19.829441907037584	45.40289945062036	11.68943248839687
20	20.33568179942033	42.875463696926325	25.790389164165774	10.998465339487575
21	51.148672383651494	22.334809882258824	12.18931399248449	14.327203741605189
22	27.993184270701725	44.56991311251396	17.85638346895367	9.580519147830643
23	16.0194786080359	52.094944568232634	11.733794956069813	20.15178186766165
24	20.896166923165726	21.59066742704967	48.31917163389468	9.19399401588992
25	9.53998410475722	21.142375960337585	56.62136207092306	12.696277863982136
26	9.384490921871063	14.317347352055116	17.975276802082814	58.32288492399101
27	12.30987911255777	13.2499239710331	47.015593001014274	27.424603915394858
28	20.48472813500366	14.855947304262795	6.35922274629562	58.30010181443792
29	58.59684387976151	24.857016247759308	5.8173198204511145	10.728820052028066
30	6.896635699392103	25.4016746345187	9.055051657377604	58.64663800871159
31	5.504760291268278	56.350825799824364	17.57249271132337	20.571921197583986
32	0.16591014379639835	99.53787064485873	0.23916620453731152	0.057053006807564775
>>END_MODULE
>>Per base GC content	fail
#Base	%GC
1	57.13700931883247
2	69.15478675409672
3	54.150814242857045
4	51.51516175264845
5	35.718824366843116
6	69.52410281998705
7	68.45442312499968
8	36.62624589984153
9	71.34787705602011
10	62.62918633367177
11	50.57940051907093
12	41.80069848745943
13	56.27075575573885
14	51.37320950543772
15	58.17328819507337
16	46.641311486856544
17	60.85566676243887
18	62.97855963128374
19	34.767658642342056
20	31.334147138907902
21	65.47587612525668
22	37.57370341853237
23	36.17126047569755
24	30.09016093905565
25	22.236261968739356
26	67.70737584586207
27	39.73448302795262
28	78.78482994944159
29	69.32566393178958
30	65.5432737081037
31	26.076681488852266
32	0.22296315060396313
>>END_MODULE
>>Per sequence GC content	fail
#GC Content	Count
0	1.0
1	1.0
2	1.0
3	1.5
4	2.0
5	2.0
6	2.5
7	3.5
8	9.5
9	22.0
10	43.0
11	64.5
12	77.0
13	99.5
14	129.0
15	196.0
16	322.0
17	523.0
18	847.5
19	1339.5
20	2220.0
21	3289.0
22	4431.5
23	6447.0
24	8882.0
25	11172.5
26	14191.0
27	17146.0
28	25548.0
29	34811.0
30	42786.0
31	55341.5
32	64824.0
33	76679.0
34	102346.5
35	130460.0
36	150717.0
37	196516.0
38	248867.0
39	274757.5
40	325014.0
41	365399.5
42	388043.5
43	449225.5
44	535641.0
45	633248.5
46	676749.0
47	687825.5
48	712325.5
49	718898.0
50	669703.0
51	620508.0
52	576177.0
53	515308.0
54	482880.5
55	435509.5
56	390202.5
57	403926.5
58	411294.0
59	379548.0
60	351680.5
61	318587.0
62	306811.5
63	280004.5
64	286273.0
65	315668.5
66	326170.0
67	293532.5
68	224617.0
69	192600.5
70	153004.0
71	123312.5
72	115328.5
73	105347.5
74	93497.0
75	86850.5
76	82260.0
77	76134.5
78	69993.5
79	62215.0
80	54507.5
81	48745.0
82	43044.0
83	36643.5
84	30711.0
85	26115.0
86	22244.5
87	20008.0
88	18106.0
89	15312.0
90	11771.5
91	7978.5
92	5125.5
93	3386.5
94	2239.5
95	1875.5
96	1849.0
97	962.5
98	40.0
99	4.0
100	4.0
>>END_MODULE
>>Per base N content	pass
#Base	N-Count
1	0.01153837458085685
2	0.0020010244205540028
3	9.615312150714041E-4
4	6.236959232895595E-4
5	0.003326378257544317
6	0.0036122388890520315
7	7.796199041119493E-5
8	1.8191131095945481E-4
9	0.0
10	5.1974660274129955E-5
11	0.0
12	0.0
13	0.0
14	0.0
15	0.0
16	0.0
17	0.0
18	0.0
19	0.0
20	1.6250084906693638E-4
21	7.154981673025514E-4
22	0.0
23	0.0
24	4.340083754936303E-5
25	0.0
26	0.0
27	0.0
28	0.0
29	0.0
30	0.0
31	0.0
32	0.0
>>END_MODULE
>>Sequence Length Distribution	warn
#Length	Count
15	181717.0
16	126663.0
17	151461.0
18	141435.0
19	169846.0
20	141889.0
21	179040.0
22	191113.0
23	260762.0
24	190263.0
25	153414.0
26	155193.0
27	142404.0
28	164407.0
29	307595.0
30	258216.0
31	494422.0
32	438189.0
>>END_MODULE
>>Sequence Duplication Levels	fail
#Total Duplicate Percentage	88.67059437691101
#Duplication Level	Relative count
1	100.0
2	18.68049887218375
3	10.066089154532769
4	6.842377805278356
5	5.043137874439383
6	3.955694813800609
7	3.215812247119022
8	2.5786180081975125
9	2.1968280716536333
10++	22.956546161475202
>>END_MODULE
>>Overrepresented sequences	fail
#Sequence	Count	Percentage	Possible Source
GCATTGGTGGTTCAGTGGTAGAATTCTCGCA	162944	4.234479521853916	No Hit
GCATTGGTGGTTCAGTGGTAGAATTCTCGCCA	90000	2.338859712335848	No Hit
CGCGACCTCAGATCAGACGTGGCGACCCGCTA	84545	2.1970988264381583	No Hit
GCATTGGTGGTTCAGTGGTAGAATTCTCA	78364	2.0364711388609598	No Hit
CGCGACCTCAGATCA	63936	1.6615259396433861	No Hit
GCATTTGTGGTTCAGTGGTAGAATTCTCGCA	61948	1.609863127330901	No Hit
TCCCTGGTGGTCTAGTGGTTAGGATTCGGA	41387	1.0755376323827082	No Hit
CGCGACCTCAGATCAGACGTA	37873	0.9842181542810617	No Hit
GCATTTGTGGTTCAGTGGTAGAATTCTCGCCA	33961	0.8825557187848635	No Hit
GCATTGGTGGTTCAGTGGTAGAATTCTCGA	32602	0.8472389371285922	No Hit
CTCTCGGCGCCCCCTCGATGCTCTA	30327	0.7881177610667695	No Hit
TACCTGGTTGATCCTGCCA	29472	0.7658985937995789	No Hit
TCAGTGCACTACAGAACTTTGTA	28938	0.7520213595063863	No Hit
GCATTTGTGGTTCAGTGGTAGAATTCTCA	28259	0.7343759623433191	No Hit
TCCCTGTGGTCTAGTGGTTAGGATTCGGA	27681	0.7193552855240956	No Hit
CTCTCGGCGCCCCCTCGATGCTCTTA	24356	0.6329474128183545	No Hit
GCATTGGTGGTTCAGTGGTAGAATTCTCGTA	24116	0.626710453585459	No Hit
CGCGACCTCAGATCAGACGTGGCGACCCGCA	23491	0.6104683722497933	No Hit
TGGACGGTGTGAGGCCA	22895	0.5949799234881027	No Hit
CGCGACCTCAGATCAGACGTGGCA	19881	0.5166541104549888	No Hit
TCCCTGGTGGTCTAGTGGTTAGGATTCGGCA	19853	0.515926465211151	No Hit
TCCCTGGTGGTCTAGTGGTTAGGATTCGGCGA	19844	0.5156925792399174	No Hit
GCATTGGTGGTTCAGTGGTAGAATTCTCGCTA	17832	0.46340607100414266	No Hit
GCATTGTGGTTCAGTGGTAGAATTCTCGCA	14171	0.36826645537234776	No Hit
GCATTGGTGGTTCAGTGGTAGAATTCTA	13822	0.3591968771545121	No Hit
TCCCTGTGGTCTAGTGGTTAGGATTCGGCA	13279	0.3450857568900858	No Hit
TCCCTGTGGTCTAGTGGTTAGGATTCGGCGA	13233	0.3438903397037808	No Hit
CGACTCTTAGCGGTGGATCA	11834	0.3075340648420269	No Hit
GCATTTGTGGTTCAGTGGTAGAATTCTCGA	11544	0.29999773910227806	No Hit
CGCGACCTCAGATCAGACGA	11082	0.28799159257895407	No Hit
CGCGACCTCAGATCAGACGTGGCGACCCGCCA	10928	0.2839895437378461	No Hit
TGGAAGTCGGAATCCGCTAAGGAGTGA	10332	0.2685010949761553	No Hit
TACCTGGTTGATCCTGCA	10301	0.2676954877419063	No Hit
TCCCTGGTGGTCTAGTGGTTAGGATTCGA	9640	0.25051786252130637	No Hit
TGAGATGAAGCACTGTAGCTCTA	9593	0.2492964580048643	No Hit
CGCGACCTCAGATCAGAA	9454	0.24568421911581226	No Hit
GCATTTGTGGTTCAGTGGTAGAATTCTCGTA	9132	0.23731629881167735	No Hit
CGACTCTTAGCGGTGGATA	9046	0.23508138841988974	No Hit
CGCGACCTCAGATCAGACGTGGCGACCCA	8094	0.2103414501294039	No Hit
TTCAAGTAATCCAGGATAGGCTA	7868	0.20446831351842726	No Hit
GCATGGGTGGTTCAGTGGTAGAATTCTCGCA	7770	0.20192155516499488	No Hit
GCATTGTGGTTCAGTGGTAGAATTCTCGCCA	7727	0.20080409996910106	No Hit
CTCTCGGCGCCCCCTCGATGCTCA	7578	0.1969319877786784	No Hit
AACCCGTAGATCCGATCTTGTA	7448	0.19355363486085994	No Hit
TGGAAGTCGGAATCCA	7302	0.18975948466084847	No Hit
GCATTGTGGTTCAGTGGTAGAATTCTCA	7233	0.18796635888139096	No Hit
GCATTGGTGGTTCAGTGGTAGAATTCA	6826	0.17738951551560553	No Hit
TACCCTGTAGATCCGAATTTGTA	6823	0.17731155352519432	No Hit
TACCCTGTAGAACCGAATTTGTA	6710	0.17437498521970599	No Hit
GCATTTGTGGTTCAGTGGTAGAATTCTCGCTA	6608	0.17172427754572536	No Hit
GCATTGGTGGTTCAGTGGTAGAATTCTCGCAA	6520	0.16943739249366366	No Hit
TGGAAGTCGGAATCCGCTAAGGAGTA	6420	0.16683865947995713	No Hit
TACCTGGTTGATCCTGCTA	6392	0.16611101423611932	No Hit
TGAGATGAAGCACTGTAGCTCA	6303	0.16379814185392055	No Hit
GCATTGGTGGTTCAGTGGTAGAATTCTCGAA	6290	0.1634603065621387	No Hit
TCCCTGTGGTCTAGTGGTTAGGATTCGA	6266	0.16283661063884913	No Hit
TGGAAGTCGGAATCCGCTAAGGAGTGTGA	6078	0.15795099257308093	No Hit
CGACTCTTAGCGGTGA	6065	0.15761315728129907	No Hit
CGACTCTTAGCGGTGGATCACTA	6000	0.15592398082238984	No Hit
CGACTCTTAGCGGTGGATCACTCGGCTA	5900	0.15332524780868334	No Hit
TGGACGGTGTGAGGCTA	5834	0.15161008401963708	No Hit
GCATGGGTGGTTCAGTGGTAGAATTCTCGCCA	5826	0.15140218537854053	No Hit
CGCGACCTCAGATCAGACGTGA	5577	0.14493134017441137	No Hit
TCCCTGGTGGTCTAGTGGTTAGGATTCA	5486	0.14256649313193845	No Hit
GCATTTGTGGTTCAGTGGTAGAATTCTA	5361	0.13931807686480532	No Hit
AGAAGACGGTCGAACTTGACTATCTA	5316	0.1381486470086374	No Hit
TAGCTTATCAGACTGATGTTGAA	5238	0.13612163525794635	No Hit
TGAGGTAGTAGATTGTATAGTTA	5164	0.13419857282780354	No Hit
TAGCTTATCAGACTGATGTTGA	5148	0.1337827755456105	No Hit
GCATGGGTGGTTCAGTGGTAGAATTCTCA	4976	0.12931295476203533	No Hit
GAGAAGACGGTCGAACTTGACTATCTA	4947	0.12855932218806043	No Hit
CGCGACCTCAGATCAGACGCA	4797	0.1246612226675007	No Hit
CGCGACCTCAGATCAGACA	4720	0.12266019824694668	No Hit
TGGACGGTGTGAGGCCGA	4553	0.11832031411405683	No Hit
GACTCTTAGCGGTGGATCACTCGGCTA	4516	0.11735878289898542	No Hit
CGACTCTTAGCGGTGGATCACTCGGCA	4455	0.11577355576062447	No Hit
CTCCTACTTGGATAACTGTGGTAATTA	4327	0.11244717750308014	No Hit
TCGGAGGTTCGAAGACGATCA	4288	0.11143367162773461	No Hit
TGAAACTGCGAATGGCA	4083	0.1061062689496363	No Hit
GCATTGGTGGTTCAGTGGTAGAATTA	4072	0.10582040831812857	No Hit
CGCGACCTCAGATCAGACGTGGCGACCCGCAA	4018	0.10441709249072706	No Hit
CGACTCTTAGCGGTGGATCACTCGGCTCA	3993	0.10376740923730043	No Hit
CGACTCTTAGCGGTGGATCACTCA	3974	0.10327364996469621	No Hit
CTCTCGGCGCCCCCTCGATGCTCCA	3935	0.10226014408935068	No Hit
GGGTGTCGTCGCAAACCAGGACTA	3925	0.10200027078798002	No Hit
TGGAAGTCGGAATCCGCTAAGGAGTGTA	3905	0.10148052418523872	No Hit
GACTCTTAGCGGTGGATCACTCGGCTCA	3873	0.10064892962085265	No Hit
>>END_MODULE
>>Kmer Content	fail
#Sequence	Count	Obs/Exp Overall	Obs/Exp Max	Max Obs/Exp Position
GTGGT	2105895	15.029791	154.25267	15
AATTC	807930	13.825953	499.2952	22
TAGAA	824265	12.096862	333.21353	19
AGAAT	796605	11.690925	369.68253	20
ATTCT	774700	11.615771	463.52133	23
TTCTC	735900	10.93992	479.6236	24
GAATT	849215	10.919851	352.53793	21
TCAGT	833945	10.632057	202.67166	12
GTTCA	809620	10.321936	191.81525	10
TCAGA	698640	10.165767	113.401924	8
TTCAG	788345	10.050698	191.60472	11
GTAGA	881400	9.636903	232.20403	18
TGGTT	1147140	9.628691	127.65969	8
GCATT	740595	9.441929	197.11285	1
CGACC	576825	9.416714	121.31916	3
CAGTG	851590	9.231576	178.22098	13
TCTCG	695385	8.789944	365.7326	25
AGTGG	1070770	8.722064	168.18977	14
TGGTA	892195	8.547073	183.39357	16
GGTTC	859470	8.163365	143.74461	9
ACCTC	382685	7.3473597	142.56584	5
CTCGC	512535	7.331148	425.0709	26
CCTCA	381545	7.3254724	142.38997	6
CATTG	571770	7.28956	147.29243	2
GATCA	497590	7.2403307	106.75118	11
GGTAG	865265	7.048102	163.02626	17
GCGAC	559760	6.866491	90.94705	2
AGATC	400980	5.8345776	106.60671	10
CTCAG	395070	5.699564	107.21264	7
GACCT	387015	5.5833573	106.82387	4
CAGAT	370795	5.395362	107.652794	9
ATTGG	547655	5.24644	101.8772	3
GGTGG	855240	5.1900268	85.0179	6
TGGTG	710540	5.0711303	95.519455	5
CAGAC	301830	4.969776	104.851166	14
TTGGT	579785	4.866512	90.57149	4
CGCGA	394535	4.839701	90.44733	1
ATCAG	322875	4.698088	89.52214	12
CCCTG	316230	4.52326	67.71151	2
TCGCA	308695	4.453456	333.92398	27
AGACG	357570	4.4239807	80.42002	15
ACTCT	240990	4.0888505	29.55471	3
TCCCT	223810	3.7649786	73.91074	1
CCCGC	220275	3.5653431	151.00816	26
ACCCG	213095	3.4787924	127.39218	25
GACCC	207510	3.3876173	123.72197	24
TCTAG	256465	3.2697008	37.1367	11
CTCTT	219880	3.2687452	25.604385	4
CCCCC	151715	3.2680368	37.218685	10
GACTC	225745	3.25676	24.897085	2
TCTTA	216995	3.2536004	25.781725	5
TGTGG	454415	3.2431638	29.950623	6
CCTGG	293785	3.1575902	45.506508	3
TCGGC	291660	3.1347504	36.014927	26
TCTCA	184540	3.1310694	119.35645	25
GTCTA	244945	3.1228313	36.84561	10
GATTC	242820	3.0957396	75.36812	23
CGCCA	189040	3.0860927	471.52573	28
CTAGT	238420	3.039643	36.122894	12
AGGAT	273680	2.9923162	57.364014	21
CGCTA	207030	2.9867637	326.68015	28
GACGT	271435	2.9424644	68.933395	16
TAGGA	268150	2.9318533	52.975204	20
CATTT	194685	2.9190867	58.831913	2
TTTGT	291340	2.875978	39.276173	4
ATTTG	247090	2.78386	44.54441	3
GGATT	288705	2.7657437	53.926315	22
ATTCG	215390	2.7460313	71.24808	24
TCGGA	253225	2.74506	34.9554	26
CTCGA	188775	2.723404	61.49781	26
GGTTA	279335	2.6759806	38.900555	17
TAGTG	277225	2.6557674	31.774525	13
GGCGA	284765	2.6248064	58.056423	21
TCGCC	181310	2.5934043	177.14777	27
CCGCT	179860	2.572664	114.22141	27
CTGGT	268115	2.5465932	40.27795	4
ACGTG	232750	2.523103	59.64526	17
CCCCT	131425	2.5017776	32.538483	11
CCCTC	130535	2.4848359	34.30693	12
TGGTC	258385	2.4541767	28.01354	8
TTGTG	286620	2.4057877	33.48466	5
GGTCT	253005	2.4030764	27.677067	9
GTTAG	249385	2.389065	39.484684	18
CTCTC	139115	2.340222	29.78238	1
AACGA	139625	2.3187647	6.4968486	2
TTAGG	240910	2.3078759	41.58833	19
CTTAG	180715	2.3039556	22.097923	6
CGACT	159640	2.3030818	24.894548	1
CCTGT	181805	2.2980876	26.488873	3
CGTGG	279970	2.2610774	45.997353	18
CGGCG	242995	2.2206948	17.667042	27
TGGCG	270895	2.1877863	46.760624	20
AATCC	111935	2.1675792	21.306145	11
CGGTG	265050	2.1405811	14.630471	11
TGGAT	222410	2.1306493	16.043262	14
GTGGC	259800	2.0981815	47.590042	19
GAACT	142965	2.0802546	15.623134	14
GATCC	144060	2.0783134	26.583426	10
CGCCC	127730	2.0674217	28.106934	8
TTCGG	213625	2.0290399	50.67758	25
TTAGC	157580	2.009005	21.982637	7
GCCCC	123795	2.0037303	27.817663	9
CTCGG	185150	1.9899853	18.5492	3
GTGGA	240915	1.9623971	14.203345	13
AGAAC	117020	1.9433618	15.86341	13
AACTG	131945	1.9199046	9.512317	14
AACTT	111590	1.9096183	17.732132	15
AGCGG	206780	1.9059842	16.107502	9
ATCAC	97725	1.8924078	23.540339	17
GCTCT	147725	1.867303	28.9541	20
CTGTG	195635	1.8581681	18.22289	4
ATAAC	94230	1.8404218	10.003493	12
AAGTC	126250	1.8370378	16.933767	4
TAGCG	167590	1.8167428	18.6835	8
ATCCT	104860	1.779148	24.770496	11
ATCCG	122345	1.7650371	14.196985	12
TCGAA	121145	1.7627559	12.460983	27
CCTCG	122650	1.754349	26.41009	13
ACCTG	120565	1.7393574	22.85919	2
GCGCC	140395	1.7075188	21.404066	7
TGATC	133770	1.7054489	19.89469	9
TCCGA	117580	1.6962936	8.378137	11
GTCGG	209155	1.6891654	10.746779	6
TCGAT	128695	1.6407467	25.759293	15
CACTC	84680	1.6258134	21.724024	19
GGCGC	177795	1.6248418	15.768789	6
TGGAA	148210	1.6204736	13.368359	1
ATGCT	126425	1.6118066	30.6944	18
AGGCC	130910	1.6058533	9.525697	12
TCACT	94155	1.5975173	21.609417	18
TTCGA	125220	1.5964437	10.572516	25
AAGAC	95180	1.5806628	7.062702	12
GGATC	145215	1.5741887	15.860358	15
CGATG	144755	1.5692021	23.060476	16
GAATC	107780	1.5682846	17.054243	10
CTGTA	122840	1.5661006	8.366094	13
CTCTA	92110	1.56282	22.251202	21
GGAAT	142290	1.5557464	13.938324	9
GCGGT	192205	1.5522747	14.8115015	10
ACTGT	121515	1.5492083	8.43292	12
CGGAA	124270	1.5375116	14.592597	8
CCGAA	93010	1.5314543	11.929605	13
CAGAA	90665	1.5056818	14.938203	12
GAAAC	89235	1.4819337	6.1041665	20
GATAA	98305	1.442718	7.5329547	11
AGTCG	132330	1.4345102	12.703947	5
GAGGC	155195	1.4305022	8.811414	11
TAACT	82915	1.4189086	9.556769	13
TACCT	82845	1.4056219	26.810946	1
GAAGA	112090	1.3987437	5.695392	11
GCTAA	94890	1.380725	15.930927	16
TGCTC	108700	1.3740115	31.222925	19
CTGCC	94135	1.346479	14.974659	14
CCTAC	69520	1.3347491	9.262738	3
ACGAA	80305	1.3336322	5.5696225	3
CACTA	68095	1.3186339	15.367035	7
CCGCC	81340	1.316559	17.732765	27
TCCTG	102225	1.2921647	18.857168	12
AAACT	65750	1.2841741	7.5472856	21
TGGAC	117960	1.2787337	10.967549	1
GATGC	116915	1.2674055	23.941109	17
GCACT	87845	1.2673153	11.543444	6
TTGAT	110680	1.2469856	17.7004	8
GTAAT	96805	1.2447922	6.1577334	13
ACTTG	97355	1.2411898	6.2409053	6
CCTGC	86680	1.2398449	20.815525	13
GACGG	134390	1.238733	8.671659	3
TGTGA	129260	1.2382884	8.867186	8
GAGGT	150220	1.2236321	5.9125	2
TTGGA	127685	1.2232001	5.3557596	8
CGAAT	83315	1.2122995	11.340668	14
TCCGC	84135	1.203442	14.067834	13
ACGGT	110975	1.2030134	9.868392	4
TCCTA	70225	1.1914997	8.13017	2
GCTCA	82440	1.1893388	7.3942504	20
GTTGA	124135	1.1891917	15.280342	7
TGTAG	124130	1.1891439	6.6726427	6
GGATA	107165	1.1717026	5.4005523	10
AAGCA	69975	1.1620811	9.858601	8
CTACT	68385	1.1602806	8.137166	4
TTGTA	102185	1.1512758	16.91564	19
ACTGA	78410	1.1409279	6.574151	12
ACCCT	59245	1.1374743	10.988424	2
GACGA	90735	1.122605	5.4278016	14
AGACT	76840	1.1180831	8.591733	10
TGAGG	136315	1.1103674	7.7988453	10
ACTTT	73240	1.098153	15.29759	16
GAACC	66370	1.092814	5.7428513	10
ACTCG	75430	1.0882075	15.8674135	20
GAAGT	98545	1.0774547	12.790152	3
GGACG	115975	1.0689936	9.458315	2
CTAAG	73390	1.0678828	16.552166	17
GAAAA	63105	1.0570035	5.7118707	15
TCGCT	82750	1.045993	34.571465	27
CGATC	72345	1.043701	5.5630407	13
CCGAC	63610	1.0384382	5.3711305	10
AGCTC	71890	1.0371369	10.0175085	17
AACTA	53095	1.0370072	8.911082	22
ACTAC	53425	1.034555	15.471429	8
GTAGT	107550	1.0303104	6.5796156	5
GATGA	94160	1.0295107	6.6898427	4
GGCTC	95590	1.0273978	7.4474335	24
TGCCA	70655	1.0193199	15.730187	15
AAGGA	81575	1.0179545	15.913263	19
GGTAA	92600	1.0124543	6.851051	12
CTTTG	89800	1.0031121	12.057732	17
CAGGA	81055	1.0028405	5.4388714	12
TGGCA	92265	1.0001895	8.660959	20
GGTGT	139370	0.9946848	6.819101	6
TAATT	65630	0.9925126	6.2871046	22
GGAAG	106360	0.98879933	11.074066	2
ACTGC	68135	0.9829646	9.492141	5
TCGTA	76795	0.97906786	45.397316	27
CTACA	50370	0.975396	15.534854	9
CGGCT	90600	0.97376543	10.136289	23
AAAAG	57535	0.96370643	5.409874	16
AATTT	63455	0.95962036	10.744804	16
TACAG	65300	0.95016694	11.825363	10
CGGCA	76600	0.9396406	28.275858	27
TAGCT	73450	0.93642235	9.083554	16
TACTT	62440	0.9362189	7.198845	5
ATGAA	63425	0.93082136	8.680108	5
AGGAG	99820	0.9279989	12.281321	20
AGAAA	55330	0.92677295	6.182659	19
CGAAG	74640	0.92347205	5.461092	10
GGCCA	75280	0.9234483	7.599606	13
GCATG	84590	0.91698945	6.8283534	1
CTCGT	72475	0.9161129	38.91632	26
TACCC	47315	0.9084243	11.117226	1
AAGAA	53770	0.90064305	5.4910955	18
AACCA	40590	0.89708763	5.681642	26
CGTCC	62460	0.8934093	5.1007895	7
CTCAA	46020	0.89115983	11.076526	26
ATTGT	78805	0.88786316	11.378516	3
TGAGA	80750	0.88289076	7.3333473	1
ATTCA	51180	0.87583363	13.917249	23
CACTG	60570	0.8738264	8.394915	11
CTTGG	91885	0.87273645	5.0369606	7
ACGTA	59745	0.8693372	17.14555	17
CTGGA	79705	0.864034	9.431478	28
TAGAT	67115	0.86301565	6.6084137	7
AATGA	58615	0.8602301	7.326625	15
TGCAC	59550	0.8591112	11.5132065	5
ACAGA	51340	0.85260797	13.903819	11
AATAC	43425	0.8481409	8.313989	2
CCCGT	58010	0.8297578	5.9434705	3
CCGCA	50295	0.82106984	44.207268	27
CCCGA	50215	0.8197638	5.8843946	26
GTGAG	98850	0.8051926	7.8014293	9
TAAGG	73235	0.8007245	12.86844	18
GTGTG	112135	0.80030847	6.7441792	7
TGAAG	72520	0.792907	6.910461	6
GAAGC	63655	0.78756183	7.9006276	7
CTCCT	46480	0.7818963	8.276736	1
CCGAT	54030	0.7794757	5.1667614	12
CTGAT	61115	0.7791619	5.3076167	13
ATCCA	39080	0.7567695	6.13983	9
ATTCC	44265	0.7510393	7.456132	24
GGTTG	104695	0.7472091	11.332218	6
TTCTA	49805	0.746771	18.369268	24
AACCG	44685	0.73576	5.492171	11
AGGTA	67265	0.73545074	7.3487883	3
AGTAG	66785	0.7302026	7.50786	7
ACGAC	43235	0.71188504	5.106029	5
CAAGT	48905	0.7116066	5.624604	3
GTGCA	64995	0.70457184	9.0752535	4
AGTGC	64995	0.70457184	9.114246	3
TAGTA	54680	0.70311695	8.50244	6
AACCC	31970	0.70055026	7.5907316	1
CTAAC	35960	0.69635177	5.8917794	24
AAAGA	41200	0.6900966	5.427337	17
AATTA	39370	0.6795256	6.526522	22
GTAGC	61620	0.6679855	7.629825	15
CTGCA	46100	0.6650717	5.460809	14
GGAGT	81315	0.66235936	10.892795	21
CGCAA	40225	0.66232395	46.569294	28
CGTGA	60630	0.6572535	6.762765	28
AGCAC	39495	0.65030414	9.767548	9
ATGAT	49920	0.6419093	6.4320507	16
TATCA	37035	0.6337729	6.3886	6
CATGG	58440	0.633513	6.731515	2
GATGT	65450	0.6269997	5.0419316	15
TTCAA	36335	0.6217939	7.14943	1
AGTGA	56730	0.62026495	5.709899	23
ACCCA	27260	0.5973413	12.816888	25
AAGTA	39930	0.5860102	5.680722	4
AGTTA	45140	0.5804444	5.1875143	19
GAGTG	70315	0.57275784	8.7207365	22
TTATC	37570	0.5633207	5.675372	5
TAATA	32300	0.55749756	7.5284834	1
ATGGG	67175	0.5471807	5.6634874	3
TCGTC	43255	0.5467604	6.009942	6
GCTCG	49610	0.53320646	5.5076814	25
AAACA	23825	0.53108966	5.3288493	4
TTCCT	35540	0.52833915	6.115418	25
TAATC	30575	0.5232242	5.4620667	7
GAGAT	47820	0.5228463	6.468031	2
AGATG	46475	0.50814056	6.464436	3
TACTG	39745	0.50671345	5.393199	4
AGTGT	52710	0.50495267	5.876729	23
ATCTT	33565	0.50327015	5.7728615	15
GGCAA	38370	0.47472695	6.9108543	28
ACTAA	24070	0.47011518	5.7062497	23
GCTTA	36845	0.46974105	6.027549	28
ATAGG	42790	0.46785012	5.237714	16
TACCA	23930	0.46339542	5.238562	25
TCAAG	31185	0.45376652	6.287802	2
AGTAA	30850	0.45275268	5.6388116	5
TAATG	33565	0.43160424	6.1632957	14
ATACT	24985	0.42756355	7.13785	3
CTTAT	25010	0.37499732	5.689654	4
GCCTA	23465	0.33852297	9.793812	28
ATGTT	28435	0.3203653	5.1468735	16
CAATA	10795	0.21083891	7.5583854	28
>>END_MODULE
