##FastQC	0.10.1
>>Basic Statistics	pass
#Measure	Value	
Filename	20190308sample2-trimmed.fastq	
File type	Conventional base calls	
Encoding	Sanger / Illumina 1.9	
Total Sequences	2959813	
Filtered Sequences	0	
Sequence length	15-32	
%GC	53	
>>END_MODULE
>>Per base sequence quality	pass
#Base	Mean	Median	Lower Quartile	Upper Quartile	10th Percentile	90th Percentile
1	33.06251036805366	34.0	33.0	34.0	32.0	34.0
2	33.325390489196444	34.0	33.0	34.0	33.0	34.0
3	33.30627745739342	34.0	33.0	34.0	32.0	34.0
4	33.20160327696378	34.0	33.0	34.0	33.0	34.0
5	33.353563890691746	34.0	33.0	34.0	33.0	34.0
6	34.63101790552309	38.0	35.0	38.0	27.0	38.0
7	34.19946969622743	38.0	34.0	38.0	26.0	38.0
8	34.535248003843485	38.0	34.0	38.0	27.0	38.0
9	34.83353340227913	38.0	35.0	38.0	28.0	38.0
10	35.25329269112609	38.0	36.0	38.0	29.0	38.0
11	35.412250368519906	38.0	36.0	38.0	29.0	38.0
12	35.21339017025738	38.0	36.0	38.0	29.0	38.0
13	35.12549644183602	38.0	36.0	38.0	28.0	38.0
14	35.29843304289832	38.0	36.0	38.0	29.0	38.0
15	35.24126152564368	38.0	36.0	38.0	28.0	38.0
16	35.387146884414115	38.0	36.0	38.0	29.0	38.0
17	35.32587618668045	38.0	36.0	38.0	29.0	38.0
18	35.299236402152516	38.0	36.0	38.0	28.0	38.0
19	35.010237133602594	38.0	36.0	38.0	27.0	38.0
20	35.530025566389604	38.0	36.0	38.0	29.0	38.0
21	35.014275068019565	38.0	36.0	38.0	28.0	38.0
22	35.42078729815344	38.0	36.0	38.0	29.0	38.0
23	35.545829312298075	38.0	36.0	38.0	29.0	38.0
24	35.76572559981365	38.0	36.0	38.0	29.0	38.0
25	35.583512262249286	38.0	36.0	38.0	29.0	38.0
26	34.57318762204462	38.0	34.0	38.0	27.0	38.0
27	35.30057646895402	38.0	36.0	38.0	28.0	38.0
28	34.70155302359813	38.0	35.0	38.0	27.0	38.0
29	35.19227469945423	38.0	35.0	38.0	28.0	38.0
30	34.91311076718992	38.0	35.0	38.0	27.0	38.0
31	34.73793418647166	38.0	35.0	38.0	27.0	38.0
32	34.539638600538254	38.0	34.0	38.0	27.0	38.0
>>END_MODULE
>>Per sequence quality scores	pass
#Quality	Count
15	1.0
16	3.0
17	17.0
18	99.0
19	312.0
20	833.0
21	1774.0
22	3687.0
23	6474.0
24	10810.0
25	17103.0
26	25954.0
27	38194.0
28	53704.0
29	74231.0
30	100470.0
31	133382.0
32	177835.0
33	235741.0
34	330297.0
35	469094.0
36	1080519.0
37	199279.0
>>END_MODULE
>>Per base sequence content	fail
#Base	G	A	T	C
1	14.645936327923396	15.570061219640714	35.82712760474142	33.956874847694465
2	40.39863329203568	20.331926375078428	19.069616898094576	20.19982343479132
3	26.88014411721281	19.92159639815083	12.793781228746544	40.40447825588981
4	38.65854948170677	18.73585847204433	17.59619110814846	25.00940093810044
5	22.18148060156261	33.11578434397523	24.245875417831606	20.456859636630554
6	36.60707619028635	12.836554201228253	17.081788612996835	33.474580995488566
7	34.32629020819896	13.298036058359092	20.56126518803722	31.814408545404728
8	23.70088921158195	16.8290699446215	41.57032893632132	17.899711907475236
9	30.210219361831303	17.18821425542762	20.207222550884126	32.39434383185695
10	33.22872827823323	28.38824422982839	17.62206626068012	20.76096123125826
11	42.855950696885245	19.77763460056429	15.351409024826907	22.015005677723558
12	26.75965496305661	34.51991165616314	19.12332560420488	19.597107776575367
13	25.955524892957765	16.188387577188156	30.647172642325714	27.20891488752837
14	27.717764602020466	14.541256491541866	19.308686055504182	38.432292850933486
15	26.973933826224833	37.22573013903243	17.974176071258555	17.82615996348418
16	33.08997668475989	28.116924690255797	17.407740148172067	21.385358476812247
17	23.15238700504115	37.98028243353871	17.245510003303316	21.621820558116823
18	23.19078605109936	28.733243298359813	21.468815159170457	26.607155491370378
19	26.87126392488891	31.96868513179946	25.661178506381848	15.498872436929782
20	24.21605628294947	31.474992529301737	29.53954674074648	14.769404447002312
21	30.519682678272986	33.09080005115248	16.008695920590192	20.380821349984345
22	20.46302566456545	39.2803741291	28.288286650517424	11.968313555817135
23	11.717466882455193	52.97398549421567	12.139603188874903	23.168944434454236
24	16.84300023293734	41.84998835313301	29.99697181458188	11.310039599347775
25	10.069497268515317	38.64843371827674	37.35564622086993	13.92642279233801
26	10.665589976997994	35.61983066607938	16.539910928400136	37.17466842852249
27	13.345372460496613	30.57197430109394	31.80274353186317	24.279909706546277
28	20.226017123638634	29.678489244156253	6.647288446667971	43.44820518553714
29	42.84524342334278	41.70769307275349	5.2886767119200355	10.15838679198369
30	6.074127673259366	37.34724232191671	7.973548802058208	48.60508120276572
31	4.708930204206035	63.1118561414203	16.35781773849436	15.821395915879306
32	0.09996155324875047	99.66166858900422	0.20761245674740486	0.030757400999615533
>>END_MODULE
>>Per base GC content	fail
#Base	%GC
1	48.602811175617866
2	60.598456726826996
3	67.28462237310262
4	63.667950419807205
5	42.63834023819316
6	70.08165718577492
7	66.14069875360369
8	41.60060111905718
9	62.60456319368824
10	53.98968950949149
11	64.8709563746088
12	46.35676273963198
13	53.16443978048613
14	66.15005745295396
15	44.80009378970901
16	54.47533516157213
17	44.77420756315797
18	49.79794154246973
19	42.37013636181869
20	38.98546072995178
21	50.90050402825733
22	32.43133922038258
23	34.886411316909424
24	28.153039832285113
25	23.99592006085333
26	47.84025840552048
27	37.62528216704289
28	63.674222309175775
29	53.00363021532647
30	54.679208876025086
31	20.53032612008534
32	0.130718954248366
>>END_MODULE
>>Per sequence GC content	fail
#GC Content	Count
0	1.0
1	1.0
2	1.0
3	1.5
4	2.0
5	2.0
6	2.0
7	2.5
8	10.0
9	32.0
10	69.0
11	91.0
12	93.5
13	111.5
14	145.5
15	242.0
16	438.5
17	764.5
18	1205.5
19	1771.5
20	2526.0
21	3534.0
22	4813.5
23	7140.5
24	9752.5
25	12094.5
26	15739.5
27	18423.5
28	25926.5
29	35546.5
30	45582.5
31	60508.5
32	73435.0
33	86702.5
34	113435.0
35	137330.0
36	149352.5
37	195359.0
38	246337.0
39	271638.5
40	296491.5
41	307170.0
42	316054.5
43	341804.5
44	368109.0
45	394505.5
46	404345.5
47	418341.5
48	444923.5
49	451346.0
50	485832.0
51	520318.0
52	508663.0
53	497975.0
54	488817.5
55	464291.5
56	454225.5
57	544126.0
58	612009.0
59	578821.0
60	541191.5
61	500560.5
62	492538.0
63	394357.0
64	276432.0
65	260011.5
66	255478.5
67	252160.5
68	216323.5
69	180035.5
70	157893.5
71	139078.0
72	133958.0
73	127628.5
74	119364.0
75	113063.5
76	108010.0
77	100635.0
78	91594.5
79	79859.5
80	70952.0
81	65970.5
82	59830.5
83	52016.5
84	42951.0
85	36296.0
86	31754.0
87	29122.0
88	27425.0
89	24814.0
90	19328.0
91	12093.5
92	7232.0
93	4928.5
94	3896.0
95	3726.5
96	3725.0
97	1914.0
98	53.5
99	4.0
100	4.0
>>END_MODULE
>>Per base N content	pass
#Base	N-Count
1	0.03790780025629997
2	0.0
3	0.0
4	6.757183646399283E-5
5	0.02655573173034918
6	0.0
7	0.0
8	0.0
9	0.0
10	0.0036826650872876093
11	0.0
12	4.7300285524794975E-4
13	0.0
14	0.0
15	0.0
16	0.0
17	0.0
18	0.0
19	0.0
20	0.0
21	0.0
22	0.0
23	5.994089827430154E-4
24	0.0
25	3.457563593238389E-4
26	4.894019996965707E-4
27	0.0034727045422975416
28	0.0018632556666262961
29	0.0012432089709959347
30	0.0020099290495045525
31	0.030469226081657527
32	0.0
>>END_MODULE
>>Sequence Length Distribution	warn
#Length	Count
15	457587.0
16	274162.0
17	305848.0
18	271754.0
19	295167.0
20	221430.0
21	253741.0
22	212800.0
23	238024.0
24	140079.0
25	84890.0
26	60351.0
27	36641.0
28	26902.0
29	30684.0
30	16933.0
31	19815.0
32	13005.0
>>END_MODULE
>>Sequence Duplication Levels	fail
#Total Duplicate Percentage	88.49456144653574
#Duplication Level	Relative count
1	100.0
2	24.75062628102938
3	11.301298109769984
4	7.334092461853792
5	5.357321794579822
6	3.937144158506035
7	3.1728535641084035
8	2.5324527442496017
9	2.131632885447506
10++	21.673422910498747
>>END_MODULE
>>Overrepresented sequences	fail
#Sequence	Count	Percentage	Possible Source
CGCGACCTCAGATCA	188955	6.3840181795268816	No Hit
CGCGACCTCAGATCAGACGTA	63510	2.1457436669140924	No Hit
TACCTGGTTGATCCTGCCA	54442	1.839372960386349	No Hit
TGGACGGTGTGAGGCCA	48124	1.6259135289965956	No Hit
TCAGTGCACTACAGAACTTTGTA	29144	0.9846568009533034	No Hit
CGCGACCTCAGATCAGAA	24418	0.8249845513888885	No Hit
CGCGACCTCAGATCAGACGA	22467	0.7590682249182634	No Hit
TACCTGGTTGATCCTGCA	20580	0.6953141972144862	No Hit
CTCTCGGCGCCCCCTCGATGCTCTA	19827	0.6698734007857929	No Hit
TGGAAGTCGGAATCCA	18175	0.6140590638665349	No Hit
CGACTCTTAGCGGTGGATCA	17597	0.5945308031284409	No Hit
CGCGACCTCAGATCAGACGTGGCA	17514	0.5917265719151852	No Hit
CGACTCTTAGCGGTGGATA	15343	0.5183773434335209	No Hit
CGACTCTTAGCGGTGA	12254	0.414012642014884	No Hit
TGGACGGTGTGAGGCTA	11662	0.3940113784215422	No Hit
CTCTCGGCGCCCCCTCGATGCTCTTA	11567	0.3908017161895025	No Hit
TACCTGGTTGATCCTGCTA	11236	0.3796185772547117	No Hit
CGCGACCTCAGATCAGACA	10589	0.35775908815861	No Hit
TGGACGGTGTGAGGCCGA	8804	0.2974512241144964	No Hit
CGCGACCTCAGATCAGACGCA	8775	0.2964714324857685	No Hit
AACCCGTAGATCCGATCTTGTA	7947	0.26849669218967553	No Hit
TGAAACTGCGAATGGCA	7893	0.2666722526051477	No Hit
TTCAAGTAATCCAGGATAGGCTA	7698	0.2600839985499084	No Hit
TACCTGGTTGATCCA	7482	0.2527862402117972	No Hit
CGCGACCTCAGATCAGACGTGA	7302	0.2467047749300378	No Hit
CGCGACCTCAGATTA	7211	0.24363025637092617	No Hit
TGAGATGAAGCACTGTAGCTCA	7078	0.2391367292460706	No Hit
CTCTCGGCGCCCCCTCGATGCTCA	7071	0.2389002278184466	No Hit
TGAGATGAAGCACTGTAGCTCTA	6949	0.23477834579414308	No Hit
GCATTGGTGGTTCAGTGGTAGAATTCTCA	6913	0.23356205273779124	No Hit
TCGGAGGTTCGAAGACGAA	6732	0.22744680153779984	No Hit
TACCCTGTAGAACCGAATTTGTA	6576	0.2221761982936084	No Hit
TCGGAGGTTCGAAGACGATCA	6471	0.2186286768792488	No Hit
TCGGAGGTTCGAAGACGA	6429	0.21720966831350494	No Hit
TACCCTGTAGATCCGAATTTGTA	6294	0.2126485693521854	No Hit
TAGCTTATCAGACTGATGTTGA	6074	0.20521566734114624	No Hit
GCATTGGTGGTTCAGTGGTAGAATTCTCGCA	5952	0.20109378531684266	No Hit
CGACTCTTAGCGGTGGATCACTA	5623	0.18997821821851582	No Hit
TACCTGGTTGATCCTA	5510	0.18616040945830026	No Hit
TACCTGGTTGATCCTGA	5449	0.18409946844614847	No Hit
CTGAGTGTCCCGCGA	4988	0.16852416014119811	No Hit
TAGCTTATCAGACTGATGTTGAA	4935	0.16673350647490232	No Hit
TACCTGGTTGATCCTGCCAGTA	4535	0.15321913918210375	No Hit
CGCGACCTCAGATCAA	4530	0.15305020959094376	No Hit
TGGAAGTCGGAATCCGA	4526	0.15291506591801576	No Hit
TACCTGGTTGATCCTGCAA	4514	0.1525096348992318	No Hit
CGATACGACTCTTAGCGGTGA	4508	0.15230691938983984	No Hit
TAATACTGCCTGGTAATGATGA	4498	0.15196906020751988	No Hit
TGGACGGTGTGAGGCAA	4420	0.14933375858542414	No Hit
TCGGAGGTTCGAAGACGATA	4165	0.14071834943626507	No Hit
CGATACGACTCTTAGCA	4126	0.1394006986252172	No Hit
TACCTGGTTGATCCTGCCAA	4014	0.1356166757832336	No Hit
CGACTCTTAGCGGTGGAA	3770	0.12737291173462648	No Hit
CGCGACCTCAGATCAGACGTGGA	3709	0.12531197072247469	No Hit
GTGGACGGTGTGAGGCCA	3476	0.11743985177441953	No Hit
ACGGCCCTGGCGGAGCA	3465	0.11706820667386757	No Hit
CGCGACCTCAGATCAGA	3442	0.11629113055453165	No Hit
TTCTGATCGAGGCCCAGCCA	3415	0.11537891076226776	No Hit
TGAGGTAGTAGATTGTATAGTTA	3409	0.11517619525287577	No Hit
GACTCTTAGCGGTGGATCA	3344	0.112980110567796	No Hit
TCAGTGCACTACAGAACTTTGCA	3288	0.1110880991468042	No Hit
CGCGACCTCAGATCAGACGTGGCGACCCGCTA	3228	0.10906094405288443	No Hit
TAACACTGTCTGGTAACGATGA	3181	0.10747300589598059	No Hit
TGATGGGGATCGGGGAA	3055	0.10321598019874904	No Hit
TCCCTGTGGTCTAGTGGTTAGGATTCGGA	3043	0.10281054917996507	No Hit
CGACTCTTAGCGGTGGATCACTCA	3026	0.10223618857002113	No Hit
>>END_MODULE
>>Kmer Content	fail
#Sequence	Count	Obs/Exp Overall	Obs/Exp Max	Max Obs/Exp Position
TCAGA	651360	15.1819935	154.06107	8
GATCA	500035	11.654888	145.67471	11
ACCTC	434910	11.115158	162.41159	5
CCTCA	432135	11.044238	161.86	6
AGATC	450265	10.494842	145.34254	10
CAGAT	423685	9.875312	148.99922	9
CTCAG	438645	9.827012	142.07233	7
GACCT	430610	9.647003	141.97168	4
CGACC	473425	9.153559	125.00538	3
GCGAC	461525	7.8221493	109.94273	2
CGCGA	454335	7.7002897	109.492584	1
TGGTT	248415	6.295322	54.644207	5
TCTTA	179200	6.1488423	102.0905	22
ACTCT	205995	6.100178	36.511665	3
CTCTT	182540	6.0202436	69.16217	21
ATCAG	229870	5.3578434	84.980415	12
TTGAT	165305	4.972027	63.314354	8
TGATC	188885	4.9031525	54.924526	9
ATCCT	155995	4.619516	57.419605	11
GATCC	202450	4.53551	52.227055	10
CGGTG	273865	4.5313716	22.282099	5
GACTC	199465	4.468637	28.062912	2
CTGGT	200730	4.390185	50.909943	4
TACCT	144945	4.2922897	64.01249	1
CTTAG	161175	4.1838446	31.401789	6
CCTGG	218870	4.1313047	44.45772	3
GTTGA	180230	4.101069	48.4423	7
CAGAC	198880	4.0006375	80.92458	14
ACCTG	175525	3.9323058	48.45607	2
AGACG	218465	3.8522289	75.83515	15
TGTGA	163325	3.7164016	30.339228	8
TGGAT	161770	3.681018	30.517082	14
TTAGC	140945	3.6587067	31.340979	7
GTGGT	190765	3.6573062	27.838747	15
TCCTG	142170	3.5472064	54.683346	12
GTGGA	196230	3.3779864	23.526596	13
CGACT	149860	3.3573303	28.072691	1
TCGGA	166835	3.276329	55.073826	26
GTCGG	190345	3.1494486	15.078598	6
TTTGT	91055	3.0501516	87.02855	18
GGTGT	157375	3.0171602	25.816517	6
GGTTG	156125	2.9931955	40.718956	6
GAATT	108875	2.9403937	161.4668	21
TGGTA	127385	2.8985999	32.25733	16
TGAGG	167995	2.891937	23.666159	10
CCTGC	133445	2.8735003	49.550636	13
AACTG	123230	2.8722627	9.207306	14
TGGAC	145965	2.866481	27.698559	1
GCGGT	172310	2.851042	23.451414	10
GTAGA	137895	2.8173985	42.541634	18
CTGTA	107540	2.7915661	14.389628	13
GAACT	118950	2.7725039	24.80055	14
CCCCC	128970	2.7342358	17.587078	10
GAGGC	183255	2.722568	20.235981	11
TAGCG	138445	2.7188027	24.059961	8
GGTGG	187320	2.716873	17.796715	12
GACGT	138265	2.7152677	77.113686	16
GGTTC	123620	2.703705	14.203138	9
TTGTA	89395	2.6888134	95.36989	19
CTGCC	123230	2.6535385	37.307423	14
GTGTG	138090	2.6474323	25.933294	7
TCAGT	100730	2.6147895	20.267298	12
AGCGG	172710	2.5659041	18.900352	9
TTCGA	98260	2.5506723	22.548897	25
AACTT	82065	2.5283847	35.48955	15
ACGGT	128595	2.525367	25.970736	4
ACTGT	95370	2.4756525	13.194742	12
TGGAA	120290	2.4577024	16.129827	1
TCGGC	130200	2.4576044	34.036125	26
AGGCC	144960	2.4568522	20.860518	12
GCTCT	97560	2.4341667	94.30053	20
TGTAG	106220	2.416998	13.821123	14
TCTCG	94350	2.3540757	257.58484	25
CTCTC	82575	2.3503633	23.584993	1
TCGAT	89815	2.3314533	35.85271	15
AACGA	109530	2.2922955	5.8824406	1
CTTTG	79140	2.2879372	45.399014	17
GTGAG	132465	2.2803087	23.863768	9
CAGTG	115155	2.2614303	16.428032	13
AAGTC	96930	2.2592585	17.368301	4
AATCC	84675	2.2514944	16.859777	11
CCCTG	104080	2.2411773	12.3572035	2
TGCCA	98445	2.2054741	45.258125	15
GGACG	148340	2.2038457	21.09339	2
GACGG	148340	2.2038457	20.218416	3
AGAAC	104680	2.1907926	18.430944	13
CCCTC	88965	2.1854258	23.408169	12
CTCTA	73660	2.1813107	100.18736	21
TGAAA	89560	2.171807	8.297775	1
TTGGT	84845	2.1501381	14.194532	4
ACTTT	62270	2.1366541	45.117554	16
AATTC	68425	2.1081429	246.2344	22
TCCGA	93685	2.0988352	9.315542	11
CGATG	106030	2.0822322	33.149418	16
TAGAA	85215	2.066442	66.7279	19
GTTCA	79530	2.0644715	16.255388	10
GAGGT	119055	2.0494633	9.989048	4
TCGAA	86810	2.02338	13.406269	27
CCTGT	80745	2.0146246	10.3075	4
CCCCT	81940	2.0128565	19.76144	11
TGTGG	104755	2.0083406	8.283905	17
CGGCG	140500	2.0063186	14.022904	27
TTGGA	87885	1.9997916	6.260109	8
GGATC	101755	1.998279	20.939747	15
GGAAT	97010	1.982058	15.671083	9
CGAAT	84730	1.9748994	16.574837	14
TGATG	86625	1.9711207	15.222414	17
CGGAA	110825	1.9541955	13.424236	8
ATTCT	56585	1.9415863	353.9719	23
CTCGA	86645	1.9411174	75.1859	26
CAGAA	92720	1.940488	16.204687	12
ATCCG	86490	1.937645	10.404123	10
ACGTA	82445	1.92164	66.36305	17
AGTCG	97590	1.9164863	14.763919	5
AGTGG	111175	1.9138136	22.001524	14
GGATA	93195	1.9041115	10.037676	14
CTGTG	86645	1.8950213	9.753019	16
GAATC	80945	1.8866779	17.389706	10
TCTGA	72605	1.8847095	6.0989766	2
ATGCT	72545	1.883152	66.06742	18
ATAAC	67685	1.8724382	6.972029	12
GGTAG	108020	1.8595021	27.820936	17
CTCGG	98340	1.8562275	15.569196	3
CCTCG	85120	1.8329077	22.464685	13
TGCTC	73305	1.8289931	80.99024	19
GGCGC	126815	1.8108985	11.890495	6
TGGTG	94320	1.8082831	14.317475	5
GATAA	74495	1.8064847	6.39278	11
GGCCA	103860	1.7602695	19.103477	13
AAACT	63245	1.74961	8.711972	21
GACGA	99020	1.7460358	16.87165	16
GAAAC	83400	1.7454348	6.8919067	2
ATTTG	57230	1.7213581	28.94353	17
GATGA	83505	1.7061305	17.681316	18
GCACT	76055	1.7038687	13.7508	6
GTAGT	74275	1.6901009	8.447696	5
CGGAG	113255	1.6825979	8.668517	2
ACTGA	72005	1.678303	8.936348	12
GTAAT	60955	1.6462153	11.350881	13
CACTA	61680	1.640061	16.027794	7
TAGCT	62675	1.6269426	22.547947	16
GATGC	82610	1.6223068	39.01523	17
GGAGG	124445	1.6206619	7.943495	3
TTCTC	49080	1.6186782	406.44382	24
TAGAT	59595	1.6094857	10.036679	7
CGTGG	97020	1.6052932	31.829811	18
GCCCC	86365	1.605008	15.174145	9
GCGCC	98405	1.6030558	13.783435	7
ACTGC	71540	1.6027187	13.67883	5
AATTT	44765	1.5980612	30.679234	16
CGCCC	85950	1.5972956	15.458588	8
TAACT	51475	1.5859212	9.839733	13
GTCTG	72090	1.5766875	6.549908	8
AGGTT	68195	1.5517527	12.000598	5
ACTTG	59305	1.5394628	5.8481803	6
GAAGT	75225	1.5369582	15.26941	3
CGATC	68360	1.5314767	7.3619666	13
TTCAG	58685	1.5233686	15.954675	11
AGACT	64795	1.5102513	9.579444	10
ACGTG	76625	1.5047727	36.10113	17
GATCT	57910	1.5032508	9.28596	14
CCCGC	80305	1.4923887	103.63216	26
TGGCG	89810	1.4859965	17.451849	20
GAAGA	80895	1.4840595	10.036446	11
GGATT	65005	1.4791654	48.3584	22
AGAAT	60855	1.475718	99.06644	20
GCTCA	65185	1.4603468	25.236338	20
TCTCA	48960	1.4498638	182.01201	25
AAGAC	69195	1.4481457	11.886018	12
TACAG	61820	1.4409095	14.322752	10
TGGCA	73120	1.435941	41.87131	20
GGCTA	72970	1.4329952	13.959183	19
CCGAA	71215	1.4325496	11.6124735	13
CTTGG	65425	1.4309165	5.7010384	7
TTGAA	52825	1.4266479	11.945521	19
TTTGA	47425	1.4264442	11.439269	18
TCCTA	48060	1.4232119	6.344726	2
GTGGC	85255	1.4106294	33.596127	19
GGTTA	61360	1.3962247	10.985438	17
ACCCT	54515	1.3932604	10.382558	2
GGAAG	89950	1.390348	11.855915	2
ATCCA	52285	1.3902495	9.83072	12
CTGAT	53485	1.3883848	9.514026	13
ATGAA	56165	1.3619869	10.163852	5
GGTAA	66170	1.3519509	12.240336	20
TACTT	38795	1.3311627	7.3167553	5
CATTG	51195	1.3289402	13.659842	2
CTACA	49785	1.3237749	16.104702	9
GTTCG	59625	1.3040643	11.574576	7
ACCCG	67010	1.2956222	72.04273	25
GACTG	65910	1.2943499	6.344043	11
GAATG	62785	1.2827903	6.1937623	10
TGAGA	62360	1.274107	10.059789	1
GGTGA	73655	1.2679284	5.366589	12
CTACT	42760	1.2662618	6.3377867	4
TCCGC	58635	1.2626002	7.333217	13
GATGT	55060	1.2528704	11.932109	15
ACTAC	47050	1.2510518	16.125465	8
TTGTG	49065	1.2434031	13.386606	18
AACCT	46715	1.2421442	5.1515946	10
TGAAG	59940	1.2246628	8.973092	6
GCATT	47150	1.2239386	17.194902	1
TCACT	41140	1.2182883	26.071434	18
CTGCA	54365	1.2179451	15.987857	14
CTGCG	64200	1.2118142	6.028668	6
CTGGA	61400	1.2057818	8.473861	28
CGCTA	53730	1.2037193	345.99612	28
AAGCA	57380	1.2008758	9.273125	8
TTCTG	41460	1.1986084	7.4661913	1
AGCTC	53430	1.1969982	20.54622	17
TGCGA	60810	1.1941953	6.21087	7
GGTCG	71905	1.1897403	5.239358	4
TGCAC	52750	1.181764	13.615833	5
CAGGA	66640	1.175074	6.545368	12
AGGAT	57265	1.1700088	31.647587	21
GAACC	57980	1.1663163	5.0754476	10
GGCGA	78435	1.1652868	38.46406	28
ATTGG	51200	1.1650376	10.296147	3
GATTA	42580	1.1499606	10.291406	23
GTGCA	58530	1.1494205	12.489146	4
ATCAC	42915	1.1411028	19.20113	17
AGTGC	57785	1.13479	12.570442	3
CCGCC	60820	1.1302794	13.165797	27
AGGCT	57495	1.129095	10.068676	18
TGTTG	44335	1.1235356	15.502952	17
CCTAC	43890	1.1217133	5.511679	3
CGAAG	63520	1.1200587	9.497072	10
GGCTC	58815	1.110169	9.700923	24
GTAGC	56435	1.1082785	14.934946	15
AATGG	53825	1.0997243	5.706882	11
CCGCT	50335	1.0838746	107.69235	27
CGTGA	55180	1.0836327	9.091787	18
TAGTG	47010	1.0696956	5.844959	13
CACTG	47485	1.0638117	8.977908	11
TAGTA	39350	1.0627278	9.5347395	6
ATGAT	39350	1.0627278	16.493195	16
ACGAT	45590	1.0626184	8.384498	15
GCGAA	60040	1.0586952	5.7282615	8
CGATA	44880	1.0460696	6.780792	1
ACAGA	49925	1.0448539	13.3795805	11
TTCGG	47375	1.0361433	62.744854	25
TCCCT	36290	1.032936	10.162187	1
AGTAG	50455	1.0308702	7.613726	7
TCTTG	35540	1.0274613	14.329812	16
TACCC	39805	1.0173113	10.908061	1
CAAGT	43430	1.0122727	6.4903555	3
GACCC	52250	1.0102412	65.60847	24
TCGCT	40310	1.0057529	25.026546	27
AATGA	41335	1.0023632	12.87583	15
AGGTA	48670	0.9944	7.3697877	3
ATCGA	42615	0.9932766	5.0053844	6
TAGTT	32890	0.98926204	9.080169	18
TAATT	27645	0.9868961	14.729627	22
GACTA	42130	0.98197216	8.986556	20
TAGGA	47855	0.97774833	22.211088	20
CTCGC	45135	0.9719018	267.70544	26
CCGAT	43295	0.96994275	6.4125032	12
TTCAA	31475	0.96973026	9.841826	1
ATCTT	28105	0.96435946	13.838519	15
ACGAC	47275	0.9509762	5.3751636	5
GCTAA	40690	0.94840854	10.628893	16
GAAGC	53300	0.9398476	8.242596	7
GAGAT	45755	0.9348424	8.528399	2
CGGCT	49300	0.9305677	14.65876	23
TAATA	28955	0.92812866	10.565032	1
ATGGC	46800	0.919065	5.7009645	12
CACTC	35560	0.9088203	17.457401	19
CTTGT	31400	0.9077739	15.475729	17
AATAC	32740	0.9057195	8.842029	2
TACGA	38685	0.9016756	6.3137603	4
CCCGT	41365	0.89072156	6.416596	3
TACTG	34060	0.88414305	8.20361	4
CGTAG	44195	0.8679077	5.2245097	5
CTCAA	32435	0.8624413	9.3673935	26
AAGTA	35415	0.8588047	6.796116	4
GCCCA	44410	0.85865676	5.2535963	12
GATAC	36680	0.85494274	6.645105	2
CTCCA	33345	0.8522107	13.68049	21
GCTTA	32660	0.8478014	7.0377493	3
TTGAC	32540	0.8446863	5.664299	19
TTCTT	21925	0.83784777	6.258877	1
TAATG	30985	0.8368138	12.689729	14
AGATG	40840	0.8344215	8.53159	3
ATCTA	26990	0.83154947	14.464955	23
GATTC	31575	0.81963646	68.70001	23
CTAAG	34805	0.81124	11.700478	17
CTCCT	28455	0.8099254	6.5034437	1
AAGGA	43410	0.79637825	14.9750805	19
TATCA	25785	0.79442394	8.259543	6
AGTGA	38845	0.79366076	19.579206	23
TAATC	25740	0.7930376	7.2562733	7
AACTA	28590	0.7909139	14.291417	22
TCGTA	29475	0.7651238	54.624252	27
ATGTT	25405	0.764129	16.58979	16
AGCAC	37785	0.7600769	8.895778	9
ATACT	24655	0.7596092	9.601949	3
AACCA	31735	0.7576768	7.082963	26
TTATC	21920	0.7521353	9.238409	5
AGGAG	48435	0.74865484	15.736343	20
TGCTA	28595	0.74228036	9.359683	15
CTGCT	29400	0.73354346	7.532397	14
AATTA	22855	0.7325982	19.603155	22
AGATT	27040	0.73027086	6.9449363	10
ATTCC	24635	0.72952193	6.046981	23
CCGTA	32560	0.72944534	5.6573796	4
GTTAG	31670	0.72063947	12.145655	18
GGGTA	41735	0.718444	5.312965	17
ATACG	30755	0.716842	6.202705	3
TAAGG	34720	0.70938087	12.352184	18
CCCGA	36590	0.70745885	8.424733	26
ATTCA	22900	0.70553845	36.261463	23
AGCTT	27085	0.7030832	7.131017	2
ATCTC	23730	0.70272195	5.07716	5
CGCGC	42790	0.6970658	5.4369273	26
CTTAT	20100	0.689686	9.300067	4
ATGGA	33535	0.6851696	7.151688	19
TCGTC	27370	0.682894	5.529526	6
GAGTG	39650	0.6825519	19.167822	22
CAGTA	29145	0.67931587	9.416708	18
CTATT	19795	0.6792206	5.4009023	13
TTCTA	19715	0.67647564	46.410915	24
GTGTA	29620	0.67399246	8.073615	24
AGACA	32155	0.67295504	8.686925	15
GGAGT	39090	0.6729118	21.960613	21
TTAGG	29300	0.666711	15.629777	19
TAGGC	33735	0.6624927	10.375964	17
AGTAA	26925	0.65292436	6.750646	5
AGTGT	28480	0.64805216	12.9881525	23
ATAGG	31390	0.6413441	12.096846	16
AGCTA	27425	0.6392259	6.518416	21
ACTCG	28490	0.6382646	15.499386	20
CGGTA	32140	0.63117	5.2186384	25
ATTCG	23965	0.622093	73.62695	24
TAACA	22470	0.6216102	5.060531	1
TCGCA	27680	0.6201181	293.70004	27
AACCC	26945	0.6183356	5.7453723	1
ACCTA	22915	0.60930604	5.470436	25
GTTTA	20115	0.6050169	5.0441422	20
GATAG	29010	0.5927172	10.109763	15
GACCA	29300	0.58939403	7.267107	24
GAGTA	28635	0.58505535	15.151223	22
TCAAG	25015	0.58305323	6.8162384	2
GACGC	34200	0.5796381	5.854524	16
TCGCC	26790	0.5768749	104.06736	27
TGTAT	19135	0.5755406	8.747383	14
TTCCA	19120	0.56620497	5.794839	24
TCCAG	24595	0.55100447	5.4548607	10
AGTTA	20325	0.5489185	15.365219	19
TGTTA	18125	0.54516184	5.488464	19
TGACA	22860	0.5328242	10.796436	20
CCAGT	23605	0.52882546	6.195462	17
ACTCA	19420	0.5163746	10.495574	20
CGCCA	26425	0.51092106	275.31744	28
CCGCA	26160	0.5057974	50.45081	27
AGTCA	21630	0.50415516	5.0218253	23
TTGCA	19290	0.5007375	10.166921	19
ACGCA	24755	0.49796754	8.066862	17
CGGCA	29240	0.4955737	30.077229	27
GCTCC	22575	0.48611245	7.930657	20
TATAG	17140	0.462901	7.741138	16
CATTT	13450	0.4615063	5.2959456	2
GCTCG	24080	0.45452476	5.17781	25
ACTAT	14720	0.45351642	6.130432	20
GTATA	16650	0.44966754	6.8577075	15
ACTAA	16230	0.4489868	7.2057486	23
AAGTT	15770	0.42590132	5.0208144	21
CTATC	14215	0.42095208	8.447821	21
CTCGT	16730	0.41742113	35.969006	26
GCGCA	24160	0.4094754	7.4895864	27
CGCAA	20100	0.4043284	31.826622	28
ACCCA	17145	0.39344457	17.376638	25
TTTGC	13510	0.39057407	8.67433	18
CTAAC	13705	0.36441368	7.204441	24
GCCTA	16230	0.36360252	6.0418415	28
ACTTA	11530	0.35523397	7.7550206	28
ATAGT	12230	0.33029634	9.09708	17
TACCA	12125	0.32240176	7.293915	25
TATCT	9130	0.3132753	11.403726	22
TTACC	8225	0.24356882	5.922198	24
CAATA	8015	0.221727	5.471135	28
GTTAC	5860	0.15211622	5.551094	23
>>END_MODULE
