##FastQC	0.10.1
>>Basic Statistics	pass
#Measure	Value	
Filename	20190110sample4-trimmed.fastq	
File type	Conventional base calls	
Encoding	Sanger / Illumina 1.9	
Total Sequences	3264067	
Filtered Sequences	0	
Sequence length	15-32	
%GC	52	
>>END_MODULE
>>Per base sequence quality	pass
#Base	Mean	Median	Lower Quartile	Upper Quartile	10th Percentile	90th Percentile
1	32.5565541393605	33.0	33.0	34.0	32.0	34.0
2	32.8187141991877	34.0	33.0	34.0	32.0	34.0
3	32.905095085364366	34.0	33.0	34.0	32.0	34.0
4	32.84283104482843	34.0	33.0	34.0	31.0	34.0
5	32.84390363310557	34.0	33.0	34.0	32.0	34.0
6	34.57527464969316	38.0	34.0	38.0	27.0	38.0
7	33.666731105703406	38.0	33.0	38.0	16.0	38.0
8	34.46071205033475	38.0	34.0	38.0	26.0	38.0
9	34.435991969527585	38.0	34.0	38.0	27.0	38.0
10	34.75030200054104	38.0	34.0	38.0	27.0	38.0
11	35.60576820267476	38.0	36.0	38.0	29.0	38.0
12	35.231951121101375	38.0	35.0	38.0	29.0	38.0
13	34.46567365191952	38.0	34.0	38.0	26.0	38.0
14	34.717207704376165	38.0	34.0	38.0	27.0	38.0
15	34.95372674641789	38.0	34.0	38.0	28.0	38.0
16	35.74409327718857	38.0	36.0	38.0	30.0	38.0
17	35.1387863184652	38.0	35.0	38.0	29.0	38.0
18	35.13799684225875	38.0	35.0	38.0	29.0	38.0
19	35.66068512775874	38.0	36.0	38.0	29.0	38.0
20	34.842859012728674	38.0	35.0	38.0	27.0	38.0
21	35.324856033687794	38.0	35.0	38.0	29.0	38.0
22	35.39324592530222	38.0	36.0	38.0	29.0	38.0
23	35.46887159895379	38.0	36.0	38.0	29.0	38.0
24	35.99903459886614	38.0	37.0	38.0	31.0	38.0
25	35.86668313019737	38.0	36.0	38.0	31.0	38.0
26	34.61297147335539	38.0	34.0	38.0	27.0	38.0
27	35.099797575835844	38.0	35.0	38.0	28.0	38.0
28	35.17486788852155	38.0	35.0	38.0	28.0	38.0
29	35.54262475433736	38.0	36.0	38.0	29.0	38.0
30	35.30308297050298	38.0	36.0	38.0	28.0	38.0
31	34.682307779101734	38.0	35.0	38.0	27.0	38.0
32	34.93696694814387	38.0	35.0	38.0	27.0	38.0
>>END_MODULE
>>Per sequence quality scores	pass
#Quality	Count
16	5.0
17	13.0
18	66.0
19	185.0
20	477.0
21	1088.0
22	1965.0
23	3911.0
24	7234.0
25	12715.0
26	21284.0
27	34090.0
28	53097.0
29	79496.0
30	116041.0
31	166606.0
32	233726.0
33	322579.0
34	439714.0
35	598411.0
36	894207.0
37	277157.0
>>END_MODULE
>>Per base sequence content	fail
#Base	G	A	T	C
1	29.677760745266173	13.004225581266377	31.57812331000495	25.739890363462493
2	32.1313955515414	15.789457559374107	15.285904717728855	36.79324217135564
3	19.900056249379602	33.43032981253884	10.948898847929375	35.7207150901522
4	30.079361480760724	15.038026354972287	30.212079954608566	24.670532209658425
5	20.074731330877622	25.091981853938726	37.60316842215236	17.230118393031287
6	43.11742217903005	10.706116424006867	19.965894252574934	26.210567144388147
7	42.67097703966589	11.61763372286818	20.57373875022058	25.13765048724535
8	22.43592650144115	14.452106331248407	48.653427138683554	14.45854002862689
9	45.49833076343102	14.941359965956579	15.66456815990603	23.895741110706368
10	44.620039968542315	21.74002555707343	17.28359129883057	16.35634317555369
11	32.25969319869966	14.764004537897046	32.14492839760948	20.831373865793807
12	22.966164603851574	25.81723965837711	31.163085806755802	20.05350993101551
13	20.757294504065023	16.913102580308554	27.329371609099933	35.000231306526494
14	25.42064853448168	30.877092902811125	16.35861028587955	27.343648276827654
15	42.905154826785115	25.786327302717744	16.88782736383781	14.420690506659332
16	32.15554040619778	17.803173844023114	34.22439198738253	15.816893762396573
17	41.67227552484946	27.030229306971254	15.65157418258097	15.645920985598313
18	40.490845369162365	16.03641181205419	21.184079889392056	22.28866292939139
19	25.21320929220391	21.438006637288503	40.342201186007294	13.006582884500299
20	19.96365756583228	40.06461644875153	27.361384973777636	12.610341011638562
21	48.577215128651574	22.5313165022248	13.954826852389242	14.936641516734378
22	28.528168469528907	42.778784936720825	18.462311730489994	10.230734863260274
23	16.505147718141366	49.378381725391094	13.171631263786452	20.944839292681085
24	23.557109557109555	22.066420470914853	43.72279405987271	10.653675912102878
25	10.55866819182986	23.23072780810383	50.90466529584907	15.305938704217237
26	9.906137662308993	14.565097143165515	19.285196536917592	56.2435686576079
27	12.514685903064054	14.291904830688596	43.06675604127296	30.126653224974387
28	20.851364009069076	15.761388140751611	7.366582726150632	56.02066512402868
29	58.54678302897051	22.80448547246505	6.490372301370019	12.158359197194425
30	7.7619002424141765	24.48640226516868	9.71683414203968	58.034863350377464
31	5.907078301862228	51.50308676800077	20.836396956257044	21.753437973879954
32	0.20611925336939244	99.47202482821439	0.25518408703021594	0.06667183138599939
>>END_MODULE
>>Per base GC content	fail
#Base	%GC
1	55.41765110872867
2	68.92463772289705
3	55.62077133953179
4	54.74989369041915
5	37.30484972390891
6	69.3279893234182
7	67.80862752691124
8	36.89446653006804
9	69.39407187413738
10	60.976383144096005
11	53.09106706449347
12	43.019674534867086
13	55.75752581059151
14	52.76429681130933
15	57.32584533344445
16	47.972434168594354
17	57.31819651044777
18	62.77950829855376
19	38.2197921767042
20	32.57399857747084
21	63.51385664538596
22	38.75890333278918
23	37.44998701082245
24	34.21078546921243
25	25.864606896047093
26	66.14970631991689
27	42.64133912803844
28	76.87202913309775
29	70.70514222616492
30	65.79676359279163
31	27.660516275742182
32	0.2727910847553919
>>END_MODULE
>>Per sequence GC content	fail
#GC Content	Count
0	0.0
1	0.0
2	0.0
3	0.5
4	1.0
5	1.0
6	3.0
7	6.5
8	16.0
9	31.5
10	47.0
11	61.0
12	70.0
13	91.0
14	121.5
15	191.5
16	312.5
17	494.0
18	800.5
19	1295.0
20	2280.0
21	3476.0
22	4618.5
23	6595.0
24	9029.5
25	11071.5
26	13464.0
27	15697.0
28	22479.0
29	30275.0
30	37085.5
31	48212.5
32	56438.0
33	66022.0
34	87729.0
35	111469.5
36	128404.5
37	167021.0
38	209538.0
39	230687.5
40	274846.0
41	312682.5
42	336278.5
43	386171.0
44	444834.5
45	520771.5
46	555533.0
47	558890.5
48	574267.0
49	573964.0
50	544345.0
51	514726.0
52	472067.5
53	420952.0
54	401811.5
55	364107.5
56	326784.5
57	341004.0
58	350851.0
59	326339.5
60	303552.0
61	276562.0
62	267068.0
63	238153.5
64	244479.5
65	277497.0
66	284268.0
67	256551.0
68	198578.5
69	166066.0
70	132394.0
71	110888.0
72	104743.0
73	96567.5
74	88715.0
75	85172.0
76	81235.5
77	76326.0
78	71877.0
79	64500.5
80	57081.0
81	51840.5
82	46207.5
83	39824.5
84	33129.0
85	27711.0
86	23659.0
87	21234.0
88	19077.0
89	16061.5
90	12299.5
91	8364.0
92	5467.0
93	3718.0
94	2509.5
95	2076.5
96	2050.0
97	1086.5
98	63.5
99	4.0
100	4.0
>>END_MODULE
>>Per base N content	pass
#Base	N-Count
1	0.011458098133402286
2	0.0018381975615083881
3	9.497354067793338E-4
4	4.5954939037709704E-4
5	0.0033087556107150987
6	0.00309429922853912
7	9.19098780754194E-5
8	9.19098780754194E-5
9	0.0
10	0.0
11	0.0
12	0.0
13	0.0
14	0.0
15	0.0
16	0.0
17	0.0
18	0.0
19	0.0
20	7.67689190283665E-5
21	6.448659001360667E-4
22	0.0
23	0.0
24	5.238204741518168E-5
25	0.0
26	0.0
27	0.0
28	0.0
29	0.0
30	0.0
31	0.0
32	0.0
>>END_MODULE
>>Sequence Length Distribution	warn
#Length	Count
15	152824.0
16	104095.0
17	133575.0
18	116423.0
19	151929.0
20	124085.0
21	153356.0
22	179838.0
23	238891.0
24	159730.0
25	118635.0
26	128395.0
27	131479.0
28	140975.0
29	218345.0
30	204985.0
31	380540.0
32	425967.0
>>END_MODULE
>>Sequence Duplication Levels	fail
#Total Duplicate Percentage	89.00881478681656
#Duplication Level	Relative count
1	100.0
2	18.34677761738983
3	9.79451473210495
4	6.567886558546319
5	4.763522119385242
6	3.507684469729133
7	2.675554046021907
8	2.2603379468455462
9	1.9402224675214401
10++	19.96603549290991
>>END_MODULE
>>Overrepresented sequences	fail
#Sequence	Count	Percentage	Possible Source
GCATTGGTGGTTCAGTGGTAGAATTCTCGCA	100641	3.083300679796095	No Hit
CGCGACCTCAGATCAGACGTGGCGACCCGCTA	83597	2.561130025823612	No Hit
GCATTGGTGGTTCAGTGGTAGAATTCTCGCCA	78175	2.395018239515304	No Hit
CGCGACCTCAGATCA	55961	1.7144562289928487	No Hit
GCATTGGTGGTTCAGTGGTAGAATTCTCA	42542	1.3033433443614975	No Hit
GCATTTGTGGTTCAGTGGTAGAATTCTCGCA	37995	1.1640386058251868	No Hit
TACCTGGTTGATCCTGCCA	30962	0.9485712149903786	No Hit
GCATTTGTGGTTCAGTGGTAGAATTCTCGCCA	29346	0.8990624273337527	No Hit
CGCGACCTCAGATCAGACGTA	27493	0.8422927593091686	No Hit
TCCCTGGTGGTCTAGTGGTTAGGATTCGGA	26110	0.7999223055164002	No Hit
TGGACGGTGTGAGGCCA	24800	0.7597883254234671	No Hit
CGCGACCTCAGATCAGACGTGGCGACCCGCA	24525	0.7513632532665537	No Hit
TCAGTGCACTACAGAACTTTGTA	22639	0.6935825765831399	No Hit
GCATTGGTGGTTCAGTGGTAGAATTCTCGA	20830	0.6381609201036621	No Hit
GCATTGGTGGTTCAGTGGTAGAATTCTCGCTA	20480	0.6274381009948631	No Hit
GCATTGGTGGTTCAGTGGTAGAATTCTCGTA	18971	0.5812074323229272	No Hit
TCCCTGGTGGTCTAGTGGTTAGGATTCGGCGA	17961	0.5502644400375359	No Hit
TCCCTGTGGTCTAGTGGTTAGGATTCGGA	16824	0.5154305962469521	No Hit
CGCGACCTCAGATCAGACGTGGCA	16386	0.5020117540479407	No Hit
TCCCTGGTGGTCTAGTGGTTAGGATTCGGCA	16067	0.49223867034592117	No Hit
GCATTTGTGGTTCAGTGGTAGAATTCTCA	15431	0.4727537761939323	No Hit
TGAGATGAAGCACTGTAGCTCTA	15175	0.46491079993149653	No Hit
CTCTCGGCGCCCCCTCGATGCTCTA	13757	0.4214680642278482	No Hit
AGAAGACGGTCGAACTTGACTATCTA	12320	0.37744323262972235	No Hit
TCCCTGTGGTCTAGTGGTTAGGATTCGGCGA	11727	0.35927571339681447	No Hit
CGCGACCTCAGATCAGACGTGGCGACCCGCCA	11459	0.351065097622077	No Hit
GCATTGTGGTTCAGTGGTAGAATTCTCGCA	11081	0.3394844529845742	No Hit
CGACTCTTAGCGGTGGATCA	10899	0.3339085870479987	No Hit
TCCCTGTGGTCTAGTGGTTAGGATTCGGCA	10672	0.32695407294029194	No Hit
GAGAAGACGGTCGAACTTGACTATCTA	10540	0.3229100383049735	No Hit
CGCGACCTCAGATCAGACGA	10235	0.31356586736730585	No Hit
TGAGATGAAGCACTGTAGCTCA	9706	0.2973590922000069	No Hit
GCATTGGTGGTTCAGTGGTAGAATTCTA	9469	0.29009821183204876	No Hit
TACCTGGTTGATCCTGCA	9228	0.28271478495999014	No Hit
TACCTGGTTGATCCTGCTA	8721	0.2671820155652442	No Hit
CGACTCTTAGCGGTGGATA	8317	0.25480481865108773	No Hit
GCATTGTGGTTCAGTGGTAGAATTCTCGCCA	8206	0.2514041531622972	No Hit
TGGACGGTGTGAGGCTA	7732	0.23688239242638096	No Hit
GCATTTGTGGTTCAGTGGTAGAATTCTCGCTA	7686	0.23547310762922452	No Hit
TTCAAGTAATCCAGGATAGGCTA	7670	0.23498292161282228	No Hit
GCATTGGTGGTTCAGTGGTAGAATTCTCGCAA	7586	0.23240944502671054	No Hit
GCATTTGTGGTTCAGTGGTAGAATTCTCGA	7515	0.2302342445789256	No Hit
GCATTTGTGGTTCAGTGGTAGAATTCTCGTA	7107	0.2177345011606686	No Hit
CTCTCGGCGCCCCCTCGATGCTCTTA	6766	0.2072874116860959	No Hit
AACCCGTAGATCCGATCTTGTA	6433	0.19708541521972436	No Hit
TGGAAGTCGGAATCCA	6040	0.1850452211918444	No Hit
CGCGACCTCAGATCAGAA	6002	0.1838810294028891	No Hit
GCATGGGTGGTTCAGTGGTAGAATTCTCGCA	5993	0.18360529976866283	No Hit
CGACTCTTAGCGGTGGATCACTCGGCTA	5931	0.18170582895510418	No Hit
TCCCTGGTGGTCTAGTGGTTAGGATTCGA	5910	0.18106245980857624	No Hit
GCATGGGTGGTTCAGTGGTAGAATTCTCGCCA	5858	0.17946935525526897	No Hit
CGACTCTTAGCGGTGA	5800	0.17769243094581086	No Hit
TACCCTGTAGAACCGAATTTGTA	5769	0.17674269553903152	No Hit
CGCGACCTCAGATCAGACGTGGCGACCCA	5768	0.17671205891300637	No Hit
TGGAAGTCGGAATCCGCTAAGGAGTGA	5619	0.17214720163526054	No Hit
TACCCTGTAGATCCGAATTTGTA	5485	0.16804189374789183	No Hit
CGACTCTTAGCGGTGGATCACTA	5387	0.1650395043974281	No Hit
CGCGACCTCAGATCAGACGTGGCGACCCGCAA	5083	0.15572597008578562	No Hit
GACTCTTAGCGGTGGATCACTCGGCTA	5064	0.15514387419130796	No Hit
GCATTGGTGGTTCAGTGGTAGAATTCTCGAA	5030	0.1541022289064532	No Hit
GCATTGTGGTTCAGTGGTAGAATTCTCA	4992	0.1529380371174979	No Hit
TCGGAGGTTCGAAGACGATCA	4838	0.14821999670962635	No Hit
TGGACGGTGTGAGGCCGA	4675	0.14322622666752857	No Hit
CGCGACCTCAGATCAGACGTGA	4633	0.1419394883744727	No Hit
GCATTGGTGGTTCAGTGGTAGAATTCA	4626	0.14172503199229675	No Hit
CGACTCTTAGCGGTGGATCACTCGGCA	4402	0.1348624277626654	No Hit
CTCTCGGCGCCCCCTCGATGCTCA	4246	0.1300831141027436	No Hit
TAGCTTATCAGACTGATGTTGAA	4205	0.12882701243571287	No Hit
TAGCTTATCAGACTGATGTTGA	4180	0.12806109678508437	No Hit
GGCGTGAAACCGTTAAGAGGTA	4179	0.12803046015905922	No Hit
CGCGACCTCAGATCAGACGTGGCGACCCGTA	4156	0.12732581776048102	No Hit
GACTCTTAGCGGTGGATCACTCGGCTCA	4112	0.12597780621537488	No Hit
TGGAAGTCGGAATCCGCTAAGGAGTA	4096	0.12548762019897264	No Hit
TGAGGTAGTAGATTGTATAGTTA	4041	0.12380260576758993	No Hit
CGACTCTTAGCGGTGGATCACTCGGCTCA	3924	0.12021812052264859	No Hit
TCCCTGTGGTCTAGTGGTTAGGATTCGA	3818	0.11697063816398377	No Hit
CTCCTACTTGGATAACTGTGGTAATTA	3794	0.1162353591393804	No Hit
GCATTTGTGGTTCAGTGGTAGAATTCTA	3793	0.11620472251335527	No Hit
CGACTCTTAGCGGTGGATCACTCA	3790	0.11611281263527984	No Hit
CGCGACCTCAGATCAGACGCA	3760	0.11519371385452566	No Hit
TCCCTGGTGGTCTAGTGGTTAGGATTCA	3676	0.11262023726841391	No Hit
CGCGACCTCAGATCAGACGTGGCGACCCGA	3617	0.11081267633293067	No Hit
TACCTGGTTGATCCTGCCAGTA	3479	0.10658482194146138	No Hit
GACTCTTAGCGGTGGATCACTCGGCA	3445	0.10554317665660662	No Hit
TAATACTGCCTGGTAATGATGA	3442	0.1054512667785312	No Hit
GCATTGTGGTTCAGTGGTAGAATTCTCGCCTA	3424	0.10489980751007869	No Hit
CGCGACCTCAGATCAGACGTGGA	3406	0.10434834824162617	No Hit
TCGGAGGTTCGAAGACGAA	3347	0.10254078730614292	No Hit
TACCTGGTTGATCCTGCAA	3338	0.10226505767191665	No Hit
CGCGACCTCAGATTA	3320	0.10171359840346415	No Hit
GCATGGGTGGTTCAGTGGTAGAATTCTCA	3293	0.10088640950078537	No Hit
>>END_MODULE
>>Kmer Content	fail
#Sequence	Count	Obs/Exp Overall	Obs/Exp Max	Max Obs/Exp Position
GTGGT	1580500	14.034241	138.94377	15
AATTC	598390	12.236989	432.17935	22
TCAGA	638860	10.843868	119.86041	8
ATTCT	572450	10.619212	415.93735	23
TAGAA	606850	10.478656	282.81137	19
AGAAT	586795	10.13236	317.3118	20
GAATT	638400	9.999577	313.73764	21
CGACC	551220	9.966613	134.95616	23
TTCTC	543355	9.908153	429.8675	24
TGGTT	892085	9.543602	116.33075	8
TCAGT	617120	9.501948	174.53223	12
GTTCA	601750	9.265293	165.35059	10
TTCAG	582270	8.965354	165.1021	11
GTAGA	653430	8.49525	197.28152	18
GCATT	536930	8.267243	171.5541	1
CAGTG	634195	8.105021	149.50627	13
TGGTA	675110	7.961889	161.63882	16
GATCA	466865	7.9244633	113.24526	11
AGTGG	802735	7.85782	146.29279	14
TCTCG	510165	7.7216125	335.88724	25
ACCTC	348980	7.6021233	147.41911	5
CCTCA	346750	7.5535455	147.18617	6
GGTTC	651415	7.5518537	125.459206	9
GCGAC	534875	7.40753	96.31953	22
CTCGC	402830	6.60707	364.80438	26
CATTG	420145	6.4690757	128.64656	2
GGTAG	641385	6.278394	140.10483	17
AGATC	362075	6.145781	112.95524	10
CTCAG	359335	5.9955955	113.06274	7
GACCT	350410	5.84668	112.64095	4
CAGAT	339125	5.7562327	114.60231	9
AGACG	364845	5.140143	85.287926	15
CAGAC	277810	5.109945	108.68199	14
CGCGA	359365	4.9768767	93.08976	1
ATCAG	291035	4.9399633	95.82581	12
GGTGG	665145	4.9022894	74.72946	6
ATTGG	391800	4.6206803	88.4279	3
TGGTG	518115	4.600664	85.107765	5
TTGGT	425440	4.5513935	81.65007	4
ACTCT	224705	4.517075	34.23619	3
CCCTG	260075	4.265655	59.952675	2
CCCGC	231215	4.1095376	169.03601	26
ACCCG	219745	3.9732108	150.03154	25
GACCC	215955	3.9046838	142.56853	24
GACTC	213025	3.5543766	28.253332	2
TCCCT	175155	3.4611576	66.29886	1
TCTTA	186100	3.4522412	31.330616	5
CTCTT	184680	3.367665	30.907778	4
TCGCA	201550	3.362913	244.10556	27
CCTGG	265165	3.3312092	47.27303	3
GACGT	255070	3.2597988	76.41523	16
TGTGG	366770	3.2567782	26.402723	6
CGCTA	189985	3.169948	339.37033	28
CGCCA	171605	3.102791	404.98737	28
TCTAG	195675	3.012856	33.985733	11
GGCGA	280555	2.9760325	69.23753	21
ACGTG	231645	2.9604263	69.482994	17
TTTGT	225025	2.9003372	36.607967	4
GTCTA	187905	2.8932195	33.695038	10
TCGGC	229870	2.8878055	37.18551	26
GATTC	185545	2.8568819	69.56447	23
CTAGT	184305	2.8377893	32.869358	12
AGGAT	215410	2.8005471	52.68138	21
TCGCC	168875	2.7698262	174.88762	27
CTGGT	233385	2.7056324	43.372524	4
TGGCG	279720	2.6915824	57.629765	20
CGTGG	277565	2.6708462	54.378906	18
TAGGA	204035	2.6526606	48.726284	20
ATTTG	186630	2.6517627	40.07357	3
TAGTG	224645	2.6493435	30.313688	13
GGTTA	224485	2.6474564	37.31201	17
CCGCT	161210	2.6441076	128.33282	27
CTTAG	171370	2.638626	26.176615	6
GGATT	223135	2.6315355	50.834103	22
CATTT	141135	2.6181195	51.9615	2
TGGAT	218150	2.572745	19.45274	14
ATTCG	164760	2.5368502	66.96882	24
TCGGA	198000	2.530443	26.538837	26
TCTCA	125550	2.5238366	86.34236	25
CGGTG	261020	2.5116432	17.129782	11
GTGGC	258930	2.4915326	56.669792	19
CGACT	148880	2.4841006	28.313446	1
CCCCC	106640	2.4745634	17.2256	10
GAACT	144950	2.4603493	14.932489	14
AACGA	130650	2.4446878	6.681181	2
AACTT	118100	2.4151278	17.387009	15
TTGTG	222735	2.3828382	30.425863	5
TTAGC	153875	2.3692513	26.015116	7
GATCC	140865	2.3503683	32.363926	10
TGGTC	201040	2.3306568	25.871231	8
ATCAC	104660	2.3193204	27.667692	17
GTTAG	192455	2.269712	36.96323	18
CCTGT	149215	2.2584467	24.247885	3
TCGAA	132790	2.2539482	12.111901	27
GGTCT	194250	2.25194	25.657246	9
AAGAC	118685	2.220802	8.011411	3
GTGGA	224840	2.200916	16.638409	13
TTAGG	183680	2.1662242	39.09278	19
ATCCT	107040	2.1517441	32.022438	11
TAGCG	162500	2.0767524	21.66042	8
AACTG	122220	2.0745354	10.081666	14
TGATC	134665	2.07347	26.119015	9
AGCGG	193515	2.0527418	18.148634	9
CGAAC	111160	2.04464	8.402396	11
TCACT	101690	2.044197	26.273485	18
ACCTG	120505	2.0106566	28.564848	2
CACTC	91170	1.9860324	26.364944	19
ACTGT	128205	1.9740039	15.029495	12
CGGCG	189110	1.971916	18.670673	27
TTCGG	169420	1.9640862	49.151127	25
CTCGA	116240	1.9394938	50.73721	26
AATCC	86845	1.9245306	15.188202	11
ATAAC	84975	1.915653	10.269466	12
GAAGA	130890	1.8759402	6.237669	2
CTGTA	120540	1.855984	15.030291	13
CTGTG	159375	1.8476347	16.684282	4
AGAAC	98665	1.8461932	14.22885	13
ACTTG	119855	1.8454369	8.4189625	14
GCGGT	188950	1.8181556	17.595629	10
GGATC	140160	1.7912468	18.443808	15
ACGGT	138145	1.7654953	12.98293	4
TACCT	87460	1.7581421	34.330204	1
AGGCC	126635	1.7537792	11.01044	12
CTCGG	137390	1.7259997	15.411861	21
CTCTC	87115	1.7214395	15.150452	1
CCCTC	79985	1.7127626	16.538813	12
GTCGG	176820	1.7014358	8.699113	6
AAGTC	100105	1.6991601	12.810266	4
GACGG	158150	1.6776018	10.989945	3
TTCGA	108780	1.6749123	8.902024	25
CCCCT	77300	1.6552672	15.708417	11
TCCGA	98815	1.6487533	8.257288	11
TAACT	80125	1.6385444	10.41307	13
TTGAT	113850	1.6176565	24.222664	8
GAGGC	151505	1.607114	10.929906	11
CCTAC	72410	1.5773677	9.455404	3
TCCTG	103075	1.5600936	24.61053	12
AAGCA	82865	1.5505478	16.858551	8
ATCCG	92000	1.5350432	9.712243	12
GATAA	88505	1.5282416	8.073626	11
GCACT	90965	1.5177741	14.788151	10
CCGAA	82190	1.5117756	10.949175	13
TGGAA	115800	1.5055166	10.513751	1
TGGAC	117025	1.4955812	13.989913	1
CCGCC	83850	1.4903216	20.047293	27
ACGAA	79595	1.4893605	5.6962137	3
CTACT	73425	1.4760072	8.716898	4
GCTCT	96680	1.4633021	13.929111	20
CCTGC	88945	1.4588436	26.145811	13
CTGCC	87995	1.4432619	18.601982	14
GTTGA	122305	1.4424002	20.413803	7
TGTGA	121970	1.4384494	11.995004	8
GGAAT	110065	1.4309559	10.624617	9
CAGAA	76125	1.4244307	13.601329	12
CGGAA	98785	1.391739	10.736218	8
CGCCC	78245	1.3907002	13.188267	8
TGTAG	117440	1.385025	11.8958645	14
CACTA	62220	1.3788278	13.986818	7
GTAAT	87810	1.3754117	6.600833	13
GAGGT	139555	1.3660773	6.1209474	2
AGTCG	106380	1.359538	9.677516	5
CTCTA	67610	1.3591126	13.224491	19
TTGGA	115060	1.3569565	5.5975857	8
ACTCG	81195	1.3547592	20.045551	20
TGACT	87395	1.3456423	9.47624	17
GGATA	102020	1.3263628	6.260422	14
GAATC	78060	1.3249732	12.780933	10
TCGCT	87320	1.3216337	45.332264	27
TCCTA	65490	1.3164959	8.704389	2
GCCCC	73910	1.3136514	12.897694	9
GATGA	100415	1.3054962	11.735977	4
GGCGC	123675	1.2896024	7.6890473	6
GACTA	75970	1.289498	11.029607	18
TGAGG	129975	1.2723006	10.13264	10
AGCTC	75935	1.2669948	17.279966	17
GCTCA	75640	1.2620727	7.6718245	18
ATGAA	72755	1.2562817	15.353961	5
TAATT	64840	1.2236112	7.3063927	22
GCGCC	89650	1.2204661	10.431779	7
TGAGA	93590	1.2167645	12.712232	1
TGCCA	72810	1.2148534	19.58081	15
ACTTT	65125	1.2080989	15.171899	16
GGACG	113755	1.2066746	11.664773	2
TACTT	64975	1.2053163	8.03028	5
ACTGA	69855	1.1857034	5.9728017	12
GTAGT	100370	1.1837106	7.020972	5
GAGAA	82015	1.1754545	5.6000943	1
AGAAG	81920	1.1740929	6.251725	1
AATTT	62175	1.1733193	12.210786	16
GACGA	83045	1.1699852	5.8192964	14
TAGCT	75940	1.1692668	16.620443	16
CGGTC	93030	1.1687151	5.2829833	7
TTGAC	75670	1.1651096	8.947906	16
CGAAT	68570	1.163892	11.735864	14
ACCCT	53060	1.1558503	11.107634	2
GCTAA	67155	1.1398741	10.678059	16
GGTAA	87070	1.1319977	7.3908005	12
CGGCT	89955	1.1300846	13.297172	23
AGACT	66575	1.1300293	8.267593	10
AAACT	50015	1.1275244	6.308527	21
ATGCT	73155	1.1263856	16.233946	18
TTGTA	78980	1.1222004	17.3834	19
CCTCG	68300	1.1202316	12.740638	13
GGTGT	125975	1.11861	9.292934	6
CTTTG	79800	1.1145779	11.979893	17
CTTGA	71935	1.1076008	8.939499	15
CGATG	86460	1.1049601	11.414757	16
TCGAT	71515	1.1011341	13.033485	15
GGCTC	85980	1.0801476	9.968213	24
GAAGC	76590	1.0790433	13.202969	7
CACTG	64520	1.0765326	14.855025	11
CGAAG	75200	1.0594602	5.70617	10
CCGAC	57960	1.0479752	5.042324	10
GAAAA	54965	1.0462753	5.399918	18
CGATC	62345	1.0402423	6.0097413	13
TGAAG	79315	1.031175	11.98664	6
ACTGC	61645	1.0285625	8.898331	5
ACTAT	50280	1.0282187	11.487291	19
TGGCA	79790	1.0197173	8.431582	20
TCGTA	65490	1.0083656	44.47504	27
GGCCA	72660	1.0062746	8.955622	13
CTATC	49895	1.0030015	12.544735	20
GAACC	54520	1.0028228	5.637812	10
TCCGC	60755	0.99648124	9.4386215	13
AGCAC	53130	0.9772555	16.601088	9
CAGGA	69350	0.97704226	6.4256353	12
ATTGT	68600	0.9747143	13.046617	3
ATCTA	47555	0.9724929	12.340215	22
GTGAG	98985	0.96894526	10.210073	9
CGTCC	59075	0.9689266	5.252139	7
CTCGT	63280	0.95777565	39.00636	26
GGTTG	107475	0.95433706	15.272182	6
CTTGG	82265	0.9536982	5.394841	7
ACTAC	42960	0.95201606	14.040556	8
GTGTG	106845	0.948743	9.211197	7
TACAG	55410	0.940517	10.96557	10
AAAAG	49255	0.9375836	5.2365527	19
CCCGT	57150	0.93735343	6.1054087	3
CTACA	41960	0.9298556	14.117688	9
CCCGA	51020	0.922493	7.162645	26
CGGCA	65245	0.9035836	26.184645	27
GAAGT	69365	0.9018149	9.814857	3
AACTA	39865	0.89870566	7.6628046	22
GCATG	69890	0.8931952	6.9808006	1
GTAGC	68795	0.87920123	13.592358	15
CTCCT	44425	0.87786204	8.661272	1
CCGCA	47705	0.86255443	51.197727	27
AATGA	49860	0.86094713	7.516228	15
ATTCA	41850	0.85582644	11.837207	23
TAGAT	54565	0.8546787	6.971857	7
TGCTC	55765	0.8440323	15.469116	19
AGAAA	44230	0.84193134	5.7837276	17
TACCC	38550	0.8397668	11.177373	1
CTCAA	37890	0.83966225	13.28527	26
ATCCA	37505	0.83113045	6.956	9
AATTA	39660	0.8250659	6.649899	22
AGGAG	76275	0.8230905	8.327689	20
GTCGA	64300	0.82175493	5.236837	9
CTGAT	53340	0.8212891	5.0118585	13
AATAC	36230	0.81675917	8.6462965	2
ACAGA	43330	0.8107795	12.563983	11
GGAAG	74785	0.8070118	8.393616	2
GATGC	62915	0.8040546	11.7840185	17
TATCT	43285	0.80295676	10.4880085	21
CTAAG	47140	0.8001439	10.832553	17
CTGGA	62410	0.7976007	7.57448	28
TGCAC	47595	0.7941347	10.557968	5
CTGCA	47290	0.7890457	6.152733	14
GAGAT	58070	0.7549685	11.664953	2
AAGGA	52465	0.7519383	10.47341	19
AGATG	57485	0.7473629	11.671684	3
AACCG	40615	0.7470588	5.436046	11
TTCTA	39975	0.74155474	16.87195	24
TAGTA	47015	0.73641926	8.961231	6
ACGTA	43310	0.73513436	14.389267	17
GATCT	47455	0.7306763	5.486059	14
AGGTA	56185	0.7304616	7.519192	3
TTCAA	35410	0.7241294	9.015181	1
CAAGT	42570	0.72257376	6.663936	3
ATTCC	35910	0.72187155	6.8518276	24
AGTAG	55110	0.71648556	7.539266	7
ATGAT	45515	0.71292406	6.890605	16
TATCA	34535	0.70623577	5.9662533	6
CGTGA	55160	0.7049456	7.076432	28
CCGAT	41855	0.69836134	5.44491	12
AAGTA	40145	0.6931954	6.7553988	4
GTGCA	53825	0.6878843	8.591029	4
AGTGC	53230	0.68028015	8.673379	3
CCGTA	40600	0.67742133	7.0921884	27
GATGT	56570	0.6671565	5.283708	15
AGTTA	42365	0.663584	5.613971	19
CGCCT	39435	0.6467985	6.1502028	27
AACCC	26685	0.64082134	7.5339475	1
TTATC	33780	0.6266346	5.4670086	5
CGCAA	33290	0.61232525	54.269012	28
TACTG	39735	0.61180955	5.802912	4
GCTCG	48645	0.6111163	7.818993	25
TAAGG	46760	0.60792714	8.632494	18
TAATA	27855	0.5794809	7.9487023	1
TCTCC	28850	0.5700916	5.396879	1
CATGG	44130	0.563982	6.6244082	2
TCAAG	32820	0.5570794	7.7937727	2
GGAGT	56255	0.55066943	7.7130575	21
TTCCT	30195	0.55060995	5.8202224	25
ACCCA	22120	0.5311962	11.598041	25
TACCA	23555	0.52199113	5.584036	25
AGTAA	29505	0.5094714	6.6916313	5
TCTTG	35645	0.49785876	5.1977906	16
ATGGG	50195	0.49134928	5.6510773	3
AAACA	19600	0.48709905	5.3214154	4
GGCAA	34535	0.48654866	7.6294155	28
ATAGG	37015	0.48123232	6.3977556	16
TAATC	23380	0.47811761	6.440615	7
GAGTG	48055	0.47040123	5.6115904	22
ATCTT	25355	0.470347	6.428327	15
TAATG	29730	0.4656758	6.6761065	14
ATACT	21930	0.44846526	7.668417	3
TCCAG	26870	0.44833276	5.429185	10
GATAG	28830	0.37481904	6.0389366	15
GCCTA	21840	0.36440596	12.368079	28
CGTTC	21920	0.3317706	5.780128	25
TGTAT	23100	0.32822016	5.1306114	14
CTTAT	16465	0.30543336	5.433761	4
ATGTT	20560	0.2921301	5.0830717	16
CAATA	10010	0.22566274	10.615791	28
>>END_MODULE
